Run semi-empirical minimization
 &qmmm
    qm_theory='AM1', grms_tol=0.0005,
 scfconv=1.d-10, ndiis_attempts=700,   qmcharge=0,
 /
  17    CL       -2.5520      -35.3570       21.8750 
   9    F1        3.1030      -39.5330       20.6530 
   9    F2        1.2910      -39.2200       21.7330 
   9    F3        1.2330      -39.5340       19.6260 
   8    O1        3.4730      -37.3540       17.0970 
   8    O2        2.9980      -37.1980       19.2620 
   7     N        1.2850      -37.0810       17.6750 
   6    C1        0.3440      -36.6360       18.6620 
   6    C2       -0.9260      -36.1430       18.3080 
   6    C3       -1.8100      -35.7430       19.3240 
   6    C4       -1.4490      -35.8480       20.6560 
   6    C5       -0.2120      -36.3390       21.0180 
   6    C6        0.6660      -36.7760       20.0190 
   6    C7        2.0460      -37.3860       20.3660 
   6    C8        2.6380      -36.8100       21.5930 
   6    C9        3.0920      -36.3400       22.5620 
   6   C10        3.7560      -35.6460       23.9670 
   6   C11        4.1860      -34.5430       23.6190 
   6   C12        3.0560      -34.6560       24.2110 
   6   C13        1.9130      -38.9380       20.5960 
   6   C14        2.6380      -37.2190       17.9350 
   1  H122        2.2230      -34.5000       23.7390 
   1  H121        2.9300      -34.3400       25.1200 
   1  H112        4.9470      -34.1380       24.0630 
   1  H111        4.2400      -34.2980       22.6820 
   1  H101        4.1050      -36.3850       24.4900 
   1    HN        0.9960      -37.2700       16.8870 
   1    H5        0.0460      -36.3810       21.9520 
   1    H3       -2.6820      -35.3900       19.0900 
   1    H2       -1.1870      -36.0800       17.3760 

