0.05 0.0 0.0
0.15000000000000002 0.0 0.0
0.25 0.0 0.0
0.35000000000000003 0.0 0.0
0.45 0.0 0.0
0.55 0.0 0.0
0.65 0.0 0.0
0.75 0.0 0.0
0.8500000000000001 0.0 0.0
0.9500000000000001 0.0 0.0
1.05 0.0 0.0
1.1500000000000001 0.0 0.0
1.25 0.0 0.0
1.35 0.0 0.0
1.4500000000000002 0.0 0.0
1.55 0.004681489855523541 0.0010498687664041995
1.6500000000000001 0.010328501180637925 0.0036745406824146977
1.75 0.04223783801640202 0.01574803149606301
1.85 0.04601261791787206 0.030446194225721767
1.9500000000000002 0.059164841118886494 0.05144356955380572
2.0500000000000003 0.07227165980767385 0.07979002624671909
2.15 0.08091602500283336 0.1146981627296586
2.25 0.08832806378330516 0.1564304461942257
2.35 0.11611055437082145 0.21627296587926512
2.45 0.15649199029262137 0.3039370078740156
2.5500000000000003 0.22361072707270513 0.4396325459317584
2.6500000000000004 0.28755390429849453 0.6280839895013126
2.75 0.3678079869753544 0.8876640419947505
2.85 0.40270177658218737 1.1929133858267713
2.95 0.46474141317762335 1.5703412073490812
3.0500000000000003 0.5164013749016365 2.0186351706036745
3.1500000000000004 0.5501815984800825 2.528083989501313
3.25 0.6268210597546259 3.145931758530184
3.35 0.6844440363460411 3.8627296587926496
3.45 0.7282863064082666 4.671653543307087
3.5500000000000003 0.793623345994465 5.604986876640417
3.6500000000000004 0.8337048836535156 6.641469816272963
3.75 0.8604393047790531 7.770603674540687
3.85 0.8709734491213769 8.975328083989499
3.95 0.8939532902981862 10.276902887139112
4.05 0.9079709618971223 11.666666666666666
4.15 0.9196158031944377 13.144619422572177
4.25 0.9255907584696527 14.70472440944882
4.3500000000000005 0.9452121396736286 16.373753280839903
4.45 0.9692567313634404 18.164829396325455
4.55 0.9674729172964494 20.033858267716536
4.65 0.9730094539088546 21.997112860892383
4.75 0.9873247581545713 24.075853018372705
4.8500000000000005 0.9844583750871025 26.236745406824127
4.95 1.0056957564303595 28.53622047244094
5.050000000000001 1.0048638082315937 30.927559055118106
5.15 1.0031254003955445 33.41023622047242
5.25 1.0265052532134713 36.050393700787374
5.3500000000000005 1.0151219500305526 38.76167979002624
5.45 1.0355038161283285 41.63175853018373
5.550000000000001 1.0234544344446044 44.57349081364827
5.65 1.0545999334402438 47.71496062992127
5.75 1.0580522232381904 50.97926509186353
5.8500000000000005 1.0702703371946642 54.39711286089238
5.95 1.0699532723050085 57.93175853018373
6.050000000000001 1.0765261995566688 61.60866141732281
6.15 1.0835966740496399 65.43307086614173
6.25 1.0918992847931472 69.41312335958004
6.3500000000000005 1.0973319148824217 73.54199475065617
6.45 1.1069084754917322 77.83910761154854
6.550000000000001 1.1007074319388805 82.24566929133857
6.65 1.1301852063024254 86.90944881889763
6.75 1.1262086914211344 91.69763779527554
6.8500000000000005 1.1330706972473807 96.65879265091864
6.95 1.1197413159784093 101.70577427821522
7.050000000000001 1.1196663967322005 106.898687664042
7.15 1.1451269262197874 112.36141732283468
7.25 1.1574217719159485 118.03832020997379
7.3500000000000005 1.1523313821318601 123.8472440944882
7.45 1.1498320089236838 129.8023622047244
7.550000000000001 1.1702023933836772 136.02677165354325
7.65 1.1643693470692262 142.38530183727036
7.75 1.154652489121001 148.85669291338584
7.8500000000000005 1.1749471533714733 155.61286089238845
7.95 1.1633320818741215 162.47375328083993
8.05 1.1672499455455854 169.53202099737527
8.15 1.1912068204881263 176.91522309711286
8.25 1.1689513259765067 184.3393700787402
8.35 1.1816240869033934 192.0270341207349
8.450000000000001 1.1760007528786844 199.86246719160096
8.55 1.1801657880152872 207.9128608923884
8.65 1.1805920413203235 216.1556430446195
8.75 1.1836296873955188 224.61181102362195
8.85 1.1931963955428764 233.33228346456684
8.950000000000001 1.2035874503099537 242.32860892388453
9.05 1.1930024592756563 251.44619422572177
9.15 1.1920643112404659 260.7590551181103
9.25 1.1941421637029586 270.29317585301834
9.35 1.192512749682531 280.02125984251967
9.450000000000001 1.2035983119631213 290.05091863517055
9.55 1.1974605914743393 300.2417322834644
9.65 1.199019756602405 310.6606299212598
9.75 1.2095541898615463 321.39002624671906
9.850000000000001 1.2036447855102932 332.28713910761155
9.950000000000001 1.2008242148277457 343.38057742782166
10.05 1.2062872670334295 354.7496062992127
10.15 1.2022658424720358 366.30734908136475
10.25 1.1995363455076584 378.06719160104973
10.350000000000001 1.2033567770989597 390.09580052493436
10.450000000000001 1.2096195421008467 402.4217847769029
10.55 1.2050937356294207 414.9377952755905
10.65 1.2060292177197904 427.7020997375326
10.75 1.1985919807835073 440.62703412073466
10.850000000000001 1.2036950560202466 453.8496062992129
10.950000000000001 1.2052926156757322 467.3349081364831
11.05 1.1986879627896674 480.9923884514438
11.15 1.2048178211649088 494.96929133858265
11.25 1.210919093005269 509.27007874015754
11.350000000000001 1.19543976035868 523.640157480315
11.450000000000001 1.203249274135182 538.3601049868763
11.55 1.1970316073941194 553.2608923884516
11.65 1.1976882736537877 568.4291338582676
11.75 1.1971509893629821 583.8519685039371
11.850000000000001 1.2067770567549554 599.6645669291338
11.950000000000001 1.193026701534085 615.5619422572175
12.05 1.1925241559768682 631.71968503937
12.15 1.1970972149462387 648.2097112860893
12.25 1.1941461631256458 664.9309711286091
12.350000000000001 1.1900268279038504 681.8677165354335
12.450000000000001 1.1915651378697103 699.1020997375331
12.55 1.1870280101157258 716.5477690288711
12.65 1.1834691918778182 734.219422572178
12.75 1.1824709603425942 752.1564304461946
12.850000000000001 1.186470690581873 770.4375328083989
12.950000000000001 1.1855771400874304 788.9902887139108
13.05 1.1844559221917272 807.8128608923881
13.15 1.1877047467419535 826.9774278215226
13.25 1.1773589668499713 846.2650918635176
13.350000000000001 1.173864690528024 865.78687664042
13.450000000000001 1.1702193931110805 885.5406824146982
13.55 1.1724516221380499 905.6275590551186
13.65 1.1707491807238302 925.9824146981624
13.75 1.1672908964386577 946.575590551181
13.850000000000001 1.1737812217297006 967.585564304462
13.950000000000001 1.1688510257862792 988.8104986876639
14.05 1.1667488171363238 1010.3020997375327
14.15 1.1583937746823247 1031.9446194225723
14.25 1.1647850347693918 1054.0152230971128
14.350000000000001 1.168345601643804 1076.4650918635168
14.450000000000001 1.1642469024470985 1099.1490813648295
14.55 1.150411118468871 1121.8748031496066
14.65 1.1524522431980804 1144.9548556430445
14.75 1.1454375538241675 1168.2086614173227
14.850000000000001 1.1522056232477509 1191.9181102362204
14.950000000000001 1.1550410576334365 1216.0070866141739
15.05 1.1494662850768411 1240.3015748031492
15.15 1.14477090405176 1264.8194225721786
15.25 1.14492522930477 1289.665354330709
15.350000000000001 1.1436652321689655 1314.8104986876642
15.450000000000001 1.1354248227579278 1340.1007874015743
15.55 1.136816553806987 1365.7509186351701
15.65 1.13401463630062 1391.667979002625
15.75 1.129014905229689 1417.8015748031496
15.850000000000001 1.133825123517911 1444.3808398950139
15.950000000000001 1.123853942320309 1471.059842519685
16.05 1.1254201568935658 1498.1120734908127
16.150000000000002 1.1239066264039002 1525.4656167979015
16.25 1.124699084390438 1553.1784776902891
16.35 1.1210319909497277 1581.1419947506563
16.45 1.1135974550411754 1609.2608923884513
16.55 1.1059213195064854 1637.526509186352
16.650000000000002 1.1129898338905675 1666.317585301838
16.75 1.1027678213618681 1695.187926509186
16.85 1.1081739902586139 1724.5472440944884
16.95 1.102087936515938 1754.0929133858258
17.05 1.0928943328363376 1783.738845144357
17.150000000000002 1.0954590230819778 1813.8039370078736
17.25 1.0888352132416848 1844.036745406824
17.35 1.087757195253258 1874.5908136482947
17.45 1.0903549424398546 1905.5719160104982
17.55 1.0832523118280406 1936.70498687664
17.650000000000002 1.082244583252369 1968.1645669291343
17.75 1.077423240853213 1999.8398950131234
17.85 1.0732155219110682 2031.7480314960637
17.95 1.0761929267410628 2064.104199475065
18.05 1.073003895464002 2096.7249343832027
18.150000000000002 1.0670787419223944 2129.5259842519695
18.25 1.0661422330283998 2162.660367454068
18.35 1.0643106527042843 2196.101312335958
18.45 1.0567131621968526 2229.666404199475
18.55 1.060791969960209 2263.727296587925
18.650000000000002 1.055479500192826 2297.983989501312
18.75 1.0597966957341884 2332.75065616798
18.85 1.0552236764905887 2367.7375328083986
18.95 1.0530377546600553 2403.0233595800523
19.05 1.049653582258729 2438.567979002624
19.150000000000002 1.0431607630865296 2474.264566929134
19.25 1.0461126479253966 2510.4370078740167
19.35 1.0427577811182098 2546.869028871391
19.450000000000003 1.039215673149051 2583.5535433070872
19.55 1.04090175677818 2620.6763779527564
19.650000000000002 1.0363077768074005 2658.014435695538
19.75 1.0327627902019205 2695.6044619422582
19.85 1.0305999400510304 2733.4965879265096
19.950000000000003 1.0293047902475387 2771.723359580054
20.05 1.0279351625380797 2810.282939632547
20.150000000000002 1.0234937799446937 2849.0598425196854
20.25 1.0195973729474908 2888.0734908136483
20.35 1.017908221906082 2927.408136482939
20.450000000000003 1.0222498558159903 2967.2997375328077
20.55 1.0139636867887865 3007.2559055118104
20.650000000000002 1.011198615878457 3047.49186351706
20.75 1.0161222224732176 3088.316272965877
20.85 1.0097243792413626 3129.27559055118
20.950000000000003 1.0076702831477027 3170.5446194225715
21.05 1.0081360335712002 3212.227821522309
21.150000000000002 1.0046493469016506 3254.1624671916006
21.25 0.9950541349234991 3296.0902887139105
21.35 1.0022615246822877 3338.720209973752
21.450000000000003 1.0048349032256088 3381.8608923884517
21.55 0.9996737899736038 3425.1811023622026
21.650000000000002 0.9983215442569056 3468.8451443569566
21.75 0.9941096982040795 3512.7275590551185
21.85 0.9902982392981772 3556.844619422572
21.950000000000003 0.9910860113211449 3601.401837270341
22.05 0.9853104122418851 3646.1039370078747
22.150000000000002 0.9878713469273765 3691.329658792653
22.25 0.9894374704445144 3737.037007874015
22.35 0.9822756609384046 3782.8223097112873
22.450000000000003 0.978952277251907 3828.8619422572165
22.55 0.9787688560840948 3875.303937007873
22.650000000000002 0.9773771875695283 3922.092125984252
22.75 0.9760101547628107 3969.2283464566926
22.85 0.9726039654679505 4016.6139107611543
22.950000000000003 0.9755429609150263 4064.559580052492
23.05 0.9673191084571534 4112.5162729658805
23.150000000000002 0.9644176514689597 4160.744881889763
23.25 0.9620765777166737 4209.272965879266
23.35 0.9629541883612632 4258.264041994752
23.450000000000003 0.9644621748690185 4307.753018372706
23.55 0.9625980406543487 4357.568503937008
23.650000000000002 0.9627776542030765 4407.817322834646
23.75 0.9588759324977681 4458.286614173229
23.85 0.9603659705985131 4509.260892388452
23.950000000000003 0.9561486459434168 4560.43779527559
24.05 0.9554938102399058 4612.007611548558
24.150000000000002 0.9569101240796707 4664.084251968505
24.25 0.9584236887554218 4716.676115485566
24.35 0.9560043609954527 4769.568766404201
24.450000000000003 0.9534230795376147 4822.752755905512
24.55 0.9525694890190156 4876.324671916008
24.650000000000002 0.95050401238542 4930.2167979002625
24.75 0.950222384016919 4984.530971128608
24.85 0.9460108931742971 5039.042257217845
24.950000000000003 0.9485688548891777 5094.14173228346
25.05 0.9480705437425316 5149.654593175851
25.150000000000002 0.9472522039141585 5205.563254593174
25.25 0.9469332411218188 5261.898425196851
25.35 0.9451322625392555 5318.572703412074
25.450000000000003 0.9446895665465205 5375.668241469817
25.55 0.9434406310059215 5433.137270341209
25.650000000000002 0.9411606289275597 5490.917060367452
25.75 0.9393668782298004 5549.037270341208
25.85 0.9399256954651904 5607.644619422575
25.950000000000003 0.9400804418498907 5666.7160104986915
26.05 0.9377222737080869 5726.094225721783
26.150000000000002 0.935565939917523 5785.79160104987
26.25 0.9366971576879944 5846.0191601049855
26.35 0.9388780923944844 5906.84776902887
26.450000000000003 0.9387437970007846 5968.130183727032
26.55 0.9384292598126079 6029.856167979003
26.650000000000002 0.9328216572252457 6091.676377952756
26.75 0.9369021820431196 6154.2338582677185
26.85 0.9355196691141285 6217.166929133858
26.950000000000003 0.9302358466354395 6280.21154855643
27.05 0.9330848971857363 6343.919422572179
27.150000000000002 0.9304062455086988 6407.9149606299225
27.25 0.9277947411876172 6472.201837270343
27.35 0.930412026140601 6537.144094488191
27.450000000000003 0.9341238320115516 6602.823097112859
27.55 0.9296265689611282 6668.662992125983
27.650000000000002 0.9313581396824014 6735.10524934383
27.75 0.930450901345017 6801.963779527559
27.85 0.9272951059979381 6869.076640419946
27.950000000000003 0.9290681803699443 6936.801574803151
28.05 0.9294053573489252 7005.0367454068255
28.150000000000002 0.9296113641717692 7073.774540682417
28.25 0.9265979469625916 7142.777165354331
28.35 0.92645959932782 7212.258792650918
28.450000000000003 0.926269021260482 7282.217060367455
28.55 0.9245296520105066 7352.5356955380585
28.650000000000002 0.9251530187924379 7423.395538057744
28.75 0.9290905064445213 7495.054593175852
28.85 0.9299570728296325 7567.280314960627
28.950000000000003 0.9262553653283936 7639.718110236219
29.05 0.9270288260756521 7712.718110236219
29.150000000000002 0.927150873753894 7786.231233595796
29.25 0.9272758858741028 7860.259580052492
29.35 0.9246087070264347 7934.5805774278215
29.450000000000003 0.927054542643869 8009.606824146981
29.55 0.928566751372162 8085.266666666668
29.650000000000002 0.9254141599689254 8161.180839895013
29.75 0.9249079896301634 8237.566141732288
29.85 0.9287158111710528 8314.782414698166
29.950000000000003 0.9244372144660822 8392.158792650916
30.05 0.9250074784428871 8470.100787401574
30.150000000000002 0.9250021582231135 8548.561942257216
30.25 0.9250934983451481 8627.552230971123
30.35 0.9260827033091872 8707.15065616798
30.450000000000003 0.924824428146232 8787.165616797904
30.55 0.923996743757828 8867.634908136484
30.650000000000002 0.9260046178136193 8948.807874015745
30.75 0.9262117814255364 9030.52965879265
30.85 0.9246323848093396 9112.643569553806
30.950000000000003 0.9246455623364709 9195.29186351706
31.05 0.9257568010969823 9278.5750656168
31.150000000000002 0.92137625189878 9361.998950131234
31.25 0.925500805841125 9446.335170603674
31.35 0.9221015401173568 9530.900262467196
31.450000000000003 0.9237858153871344 9616.16115485564
31.55 0.9236782573010532 9701.955118110236
31.650000000000002 0.9277262352592056 9788.672178477687
31.75 0.9284682261874858 9876.007874015748
31.85 0.9287777933657252 9963.923884514434
31.950000000000003 0.9272163782222391 10052.244094488196
32.050000000000004 0.9243967163701214 10140.847769028871
32.15 0.9259618204264254 10230.156167979
32.25 0.9265864816991902 10320.081627296595
32.35 0.9255757717352575 10410.466929133854
32.45 0.9249312007813894 10501.34855643045
32.550000000000004 0.9248558184574429 10592.783727034122
32.65 0.9267983557781054 10684.974803149606
32.75 0.9268196269445109 10777.733595800531
32.85 0.926338643246394 10871.01128608924
32.95 0.9270200300774337 10964.926771653541
33.050000000000004 0.9286547611380729 11059.579790026248
33.15 0.9274117783802857 11154.679002624669
33.25 0.9289833769842397 11250.514960629922
33.35 0.9259394871331491 11346.612335958
33.45 0.9290542459014416 11443.61207349081
33.550000000000004 0.9307985399969699 11541.375853018375
33.65 0.9318747613392381 11639.83700787401
33.75 0.9293338749457724 11738.614173228347
33.85 0.9299096019609229 11838.039107611554
33.95 0.9282612032153522 11937.875065616796
34.050000000000004 0.9272323214054136 12038.188713910757
34.15 0.9333604371448272 12139.759317585298
34.25 0.9318457474636339 12241.759842519681
34.35 0.9314675763929622 12344.315223097112
34.45 0.9304476504748497 12447.355643044617
34.550000000000004 0.928665161205916 12550.796587926512
34.65 0.9326814124104882 12655.287139107613
34.75 0.9309502616764751 12760.186614173226
34.85 0.931067102555018 12865.703937007882
34.95 0.9297304604735985 12971.675328083982
35.050000000000004 0.9348505969523869 13078.84094488189
35.15 0.9317062854704555 13186.256430446198
35.25 0.9337166362364293 13294.517060367454
35.35 0.932880218270673 13403.295275590552
35.45 0.9336252722861876 13512.777165354328
35.550000000000004 0.9331297564442516 13622.819160104988
35.65 0.9335413612790977 13733.529921259844
35.75 0.936165402619286 13845.175590551185
35.85 0.9318276246774794 13956.926509186356
35.95 0.9344271187026636 14069.615223097118
36.050000000000004 0.9336676867142372 14182.83963254593
36.15 0.9351666611095868 14296.875853018373
36.25 0.9375703201951885 14411.83858267716
36.35 0.9362634088349175 14527.275328083986
36.45 0.9366080494380594 14643.3908136483
36.550000000000004 0.9373433809138336 14760.235958005253
36.65 0.9357344356321025 14877.51968503937
36.75 0.9366470616882099 14995.559317585297
36.85 0.9387063509469263 15114.503149606306
36.95 0.9383872118648527 15234.052755905506
37.050000000000004 0.937900056802922 15354.187926509174
37.15 0.9366830627305897 15474.815748031499
37.25 0.9401543923603339 15596.543307086617
37.35 0.9399740425348199 15718.901837270343
37.45 0.9385066777482802 15841.724409448827
37.550000000000004 0.9409595453075564 15965.526509186346
37.65 0.9413590792282621 16090.041732283464
37.75 0.9403121456086396 16215.08005249344
37.85 0.9393730693579524 16340.656167979
37.95 0.9392218069975462 16466.876377952758
38.050000000000004 0.9407338514513215 16593.96692913386
38.15 0.9398883370583716 16721.61154855642
38.25 0.9393137162631722 16849.847769028875
38.35 0.9440663320277637 16979.40761154856
38.45 0.9418295333488826 17109.33543307086
38.550000000000004 0.9412044597905203 17239.85328083988
38.650000000000006 0.9438891128259601 17371.423359580043
38.75 0.9419366109218623 17503.401574803152
38.85 0.941834792296674 17636.04750656168
38.95 0.9415436109807458 17769.335958005253
39.050000000000004 0.9451719957657634 17903.825984251973
39.150000000000006 0.9433208269413323 18038.740944881887
39.25 0.9410088184636012 18174.013648293963
39.35 0.9445301545458525 18310.485301837274
39.45 0.9452619787187304 18447.757742782152
39.550000000000004 0.9465030131288743 18585.908136482933
39.650000000000006 0.9477195181501497 18724.936482939625
39.75 0.9474182464820775 18864.622572178483
39.85 0.9464650934689482 19004.871128608927
39.95 0.9467855766737073 19145.872178477675
40.050000000000004 0.9460704611495285 19287.472965879275
40.150000000000006 0.9471619051533197 19429.94593175852
40.25 0.9467046944112011 19573.060367454073
40.35 0.9479645504946241 19717.07821522311
40.45 0.9476721127957706 19861.76614173228
40.550000000000004 0.9494323355111695 20007.440419947514
40.650000000000006 0.9451663349720993 20153.13385826771
40.75 0.9489596241702225 20299.819422572175
40.85 0.9473513876892516 20446.615748031498
40.95 0.9446814270090752 20593.356692913378
41.050000000000004 0.9442595561372439 20740.390288713912
41.150000000000006 0.9469504840605386 20888.20209973754
41.25 0.946511738604591 21036.304461942265
41.35 0.943560066184518 21184.302887139114
41.45 0.942276927646024 21332.45748031496
41.550000000000004 0.9448134979527552 21481.369291338597
41.650000000000006 0.9445236461336232 21630.593700787413
41.75 0.9451947714266258 21780.282677165353
41.85 0.9431429115579543 21930.004461942262
41.95 0.9423082089099164 22079.951181102373
42.050000000000004 0.9416551899457573 22230.15118110237
42.150000000000006 0.941780101292779 22380.728346456697
42.25 0.9420256116831711 22531.702099737544
42.35 0.9409743273478959 22682.864304461935
42.45 0.943442257425868 22834.780839895007
42.550000000000004 0.9428739286650419 22986.96351706037
42.650000000000006 0.9437197075608107 23139.640682414694
42.75 0.9408469508716322 23292.209973753284
42.85 0.9408699770046222 23445.13989501314
42.95 0.9424072508650775 23598.677165354333
43.050000000000004 0.9424169019917331 23752.573490813655
43.150000000000006 0.9415285210264581 23906.68188976378
43.25 0.9410538075356625 24061.069553805755
43.35 0.9441646425227815 24216.32572178478
43.45 0.9430442788111704 24371.755380577426
43.550000000000004 0.9419465373086588 24527.361417322834
43.650000000000006 0.9428051828658115 24683.46692913385
43.75 0.9444396109488687 24840.201312335954
43.85 0.9450882550378294 24997.401837270336
43.95 0.9435912430863891 25154.711286089238
44.050000000000004 0.9453651217816125 25312.675065616793
44.150000000000006 0.9444086890850631 25470.837270341202
44.25 0.9428389230318337 25629.094225721783
44.35 0.9441157286913496 25787.92362204724
44.45 0.9450287597334007 25947.265091863515
44.550000000000004 0.9453583644038274 26107.020734908132
44.650000000000006 0.9450185813630833 26267.077427821525
44.75 0.947100143795418 26427.84593175854
44.85 0.9445286930028843 26588.536220472437
44.95 0.9448256903794774 26749.635433070864
45.050000000000004 0.9446037646632373 26911.055118110224
45.150000000000006 0.9465421381649346 27073.16509186352
45.25 0.9467334329571031 27235.510498687654
45.35 0.9476478801243355 27397.973490813663
45.45 0.9452150207454142 27559.97585301837
45.550000000000004 0.9467998765013429 27722.204461942263
45.650000000000006 0.9455719995586406 27884.175590551178
45.75 0.9430677473744717 28045.669028871376
45.85 0.9421345680566773 28206.952230971117
45.95 0.9447631096746965 28368.63307086614
46.050000000000004 0.9451714133757343 28530.32965879265
46.150000000000006 0.9441154238301535 28691.789763779525
46.25 0.9424241777277471 28852.90314960631
46.35 0.9424897978341914 29013.96850393702
46.45 0.9425657632882145 29174.985826771648
46.550000000000004 0.9434959199177159 29336.09921259842
46.650000000000006 0.9435268390248766 29497.153280839884
46.75 0.9394301190413052 29657.44199475065
46.85 0.9417252977002647 29818.05433070866
46.95 0.9423653636776523 29978.706036745407
47.050000000000004 0.9393011345955231 30138.76404199475
47.150000000000006 0.9400291117528616 30298.872965879258
47.25 0.9422419460170088 30459.283727034122
47.35 0.9394264734230922 30619.138582677155
47.45 0.9395568496850202 30778.93727034121
47.550000000000004 0.9401948326936083 30938.76430446193
47.650000000000006 0.9391908805538367 31098.338845144353
47.75 0.9396660596916536 31257.910498687663
47.85 0.9381680277503978 31417.14251968505
47.95 0.9407139432517264 31576.71942257219
48.050000000000004 0.9412403442621011 31736.296587926518
48.150000000000006 0.9419186647660215 31895.89790026247
48.25 0.9415790112766843 32055.34908136484
48.35 0.9420883350798817 32214.792125984248
48.45 0.9408427657511412 32373.928346456683
48.550000000000004 0.9419630774814215 32533.156167979
48.650000000000006 0.9417621278261198 32692.250393700808
48.75 0.9405265952723365 32851.03464566931
48.85 0.9430226201816628 33010.13700787401
48.95 0.9445251630613228 33169.38766404198
49.050000000000004 0.9462099662579566 33328.81522309711
49.150000000000006 0.9464781042314583 33488.17900262467
49.25 0.9455747028368009 33647.28005249345
49.35 0.9472327751226868 33806.547506561685
49.45 0.9464558781644705 33965.57007874016
49.550000000000004 0.949202603364277 34124.93779527558
49.650000000000006 0.9479167558863539 34283.97165354331
49.75 0.9501292751150239 34443.2566929134
49.85 0.9492691349642787 34602.27585301835
49.95 0.9528792747248035 34761.77585301835
50.050000000000004 0.952568430419788 34921.098162729664
