85
 94
  7
  2
 18
 52
107
  5
 22
 30
 74
 21
 69
 34
 77
  6
 60
 27
113
105
 49
 65
 41
 96
 66
119
 54
 46
121
 47
 72
 43
 45
 12
 92
 58
 17
 76
 28
126
 44
 86
 70
 87
106
  1
 20
 57
123
 15
115
 55
109
124
 88
 53
122
 51
 39
 26
 67
 37
 31
 10
 38
 63
 29
  3
 68
103
104
 42
 24
 40
 35
 50
110
 64
120
  8
 13
 75
112
116
 99
 14
 78
111
117
 82
 56
 91
 33
 80
 25
114
102
125
 84
 59
 48
 79
 71
 23
 32
 16
 62
  4
 89
 36
 73
101
 81
 97
 11
 83
 98
108
 90
100
 19
 61
127
 95
 93
118
  9
