0       
0       
0       
0       
0       
0       
0       
3       
0       
3       
6       
4       
9       
8       
10      
13      
11      
16      
14      
17      
20      
17      
23      
21      
24      
27      
24      
30      
28      
31      
34      
31      
37      
35      
38      
40      
38      
44      
42      
45      
47      
44      
50      
48      
51      
53      
51      
57      
54      
57      
60      
57      
63      
61      
63      
66      
63      
69      
66      
69      
71      
69      
75      
72      
74      
77      
74      
80      
77      
79      
82      
80      
85      
82      
84      
87      
84      
90      
87      
89      
92      
89      
94      
91      
93      
96      
93      
98      
95      
97      
99      
96      
102     
99      
101     
103     
100     
105     
102     
104     
105     
102     
108     
105     
107     
108     
105     
110     
107     
109     
110     
107     
112     
109     
111     
112     
108     
113     
110     
112     
113     
110     
115     
111     
113     
114     
110     
115     
111     
113     
114     
111     
115     
112     
113     
114     
111     
115     
111     
113     
114     
110     
114     
110     
112     
113     
109     
113     
109     
111     
111     
107     
111     
107     
109     
110     
106     
110     
105     
106     
107     
103     
107     
103     
104     
104     
100     
104     
100     
101     
101     
97      
101     
96      
97      
98      
94      
98      
93      
93      
94      
90      
93      
89      
89      
90      
85      
89      
84      
84      
85      
80      
84      
79      
79      
80      
76      
79      
74      
74      
75      
70      
73      
69      
69      
69      
64      
68      
63      
63      
63      
59      
62      
57      
57      
57      
52      
55      
50      
51      
51      
46      
49      
44      
44      
44      
39      
42      
37      
38      
38      
33      
36      
31      
31      
31      
26      
29      
24      
24      
24      
19      
22      
17      
17      
17      
12      
15      
10      
10      
10      
5       
8       
3       
3       
3       
-2      
1       
-4      
-4      
-4      
-9      
-6      
-11     
-11     
-11     
-16     
-13     
-18     
-18     
-18     
-23     
-20     
-25     
-25     
-25     
-30     
-27     
-32     
-32     
-32     
-37     
-34     
-39     
-39     
-38     
-43     
-40     
-45     
-45     
-45     
-50     
-47     
-52     
-52     
-51     
-56     
-53     
-58     
-58     
-58     
-63     
-60     
-64     
-64     
-64     
-69     
-65     
-70     
-70     
-70     
-74     
-71     
-76     
-75     
-75     
-80     
-77     
-81     
-80     
-80     
-85     
-81     
-86     
-85     
-85     
-90     
-86     
-91     
-90     
-90     
-94     
-91     
-95     
-94     
-94     
-99     
-95     
-99     
-98     
-97     
-102    
-98     
-102    
-102    
-101    
-105    
-101    
-105    
-105    
-104    
-108    
-104    
-108    
-107    
-106    
-110    
-107    
-111    
-110    
-108    
-112    
-108    
-112    
-112    
-110    
-114    
-110    
-114    
-113    
-111    
-115    
-111    
-115    
-114    
-112    
-116    
-112    
-115    
-114    
-113    
-116    
-112    
-115    
-114    
-112    
-116    
-111    
-115    
-114    
-112    
-116    
-111    
-114    
-113    
-111    
-114    
-109    
-113    
-112    
-110    
-113    
-108    
-111    
-110    
-108    
-111    
-106    
-109    
-108    
-106    
-109    
-103    
-106    
-105    
-103    
-106    
-101    
-104    
-102    
-100    
-103    
-97     
-100    
-98     
-96     
-99     
-94     
-97     
-94     
-92     
-95     
-90     
-93     
-90     
-88     
-91     
-85     
-88     
-85     
-83     
-86     
-81     
-83     
-80     
-78     
-81     
-75     
-78     
-75     
-73     
-76     
-70     
-72     
-70     
-67     
-70     
-64     
-67     
-64     
-62     
-64     
-58     
-61     
-58     
-55     
-58     
-52     
-54     
-52     
-49     
-51     
-45     
-48     
-46     
-43     
-45     
-39     
-41     
-39     
-36     
-38     
-32     
-35     
-32     
-29     
-31     
-25     
-28     
-25     
-22     
-24     
-18     
-21     
-18     
-15     
-17     
-12     
-14     
-11     
-9      
-10     
-5      
-7      
-4      
-1      
-3      
2       
0       
3       
6       
4       
9       
8       
10      
13      
11      
16      
14      
17      
20      
17      
23      
21      
24      
27      
24      
30      
28      
31      
34      
31      
37      
35      
38      
40      
38      
44      
42      
45      
47      
44      
50      
48      
51      
53      
51      
57      
54      
57      
60      
57      
63      
61      
63      
66      
63      
69      
66      
69      
71      
69      
75      
72      
74      
77      
74      
80      
77      
79      
82      
80      
85      
82      
84      
87      
84      
90      
87      
89      
92      
89      
94      
91      
93      
96      
93      
98      
95      
97      
99      
96      
102     
99      
101     
103     
100     
105     
102     
104     
105     
102     
108     
105     
107     
108     
105     
110     
107     
109     
110     
107     
112     
109     
111     
112     
108     
113     
110     
112     
113     
110     
115     
111     
113     
114     
110     
115     
111     
113     
114     
111     
115     
112     
113     
114     
111     
115     
111     
113     
114     
110     
114     
110     
112     
113     
109     
113     
109     
111     
111     
107     
111     
107     
109     
110     
106     
110     
105     
106     
107     
103     
107     
103     
104     
104     
100     
104     
100     
101     
101     
97      
101     
96      
97      
98      
94      
98      
93      
93      
94      
90      
93      
89      
89      
90      
85      
89      
84      
84      
85      
80      
84      
79      
79      
80      
76      
79      
74      
74      
75      
70      
73      
69      
69      
69      
64      
68      
63      
63      
63      
59      
62      
57      
57      
57      
52      
55      
50      
51      
51      
46      
49      
44      
44      
44      
39      
42      
37      
38      
38      
33      
36      
31      
31      
31      
26      
29      
24      
24      
24      
19      
22      
17      
17      
17      
12      
15      
10      
10      
10      
5       
8       
3       
3       
3       
-2      
1       
-4      
-4      
-4      
-9      
-6      
-11     
-11     
-11     
-16     
-13     
-18     
-18     
-18     
-23     
-20     
-25     
-25     
-25     
-30     
-27     
-32     
-32     
-32     
-37     
-34     
-39     
-39     
-38     
-43     
-40     
-45     
-45     
-45     
-50     
-47     
-52     
-52     
-51     
-56     
-53     
-58     
-58     
-58     
-63     
-60     
-64     
-64     
-64     
-69     
-65     
-70     
-70     
-70     
-74     
-71     
-76     
-75     
-75     
-80     
-77     
-81     
-80     
-80     
-85     
-81     
-86     
-85     
-85     
-90     
-86     
-91     
-90     
-90     
-94     
-91     
-95     
-94     
-94     
-99     
-95     
-99     
-98     
-97     
-102    
-98     
-102    
-102    
-101    
-105    
-101    
-105    
-105    
-104    
-108    
-104    
-108    
-107    
-106    
-110    
-107    
-111    
-110    
-108    
-112    
-108    
-112    
-112    
-110    
-114    
-110    
-114    
-113    
-111    
-115    
-111    
-115    
-114    
-112    
-116    
-112    
-115    
-114    
-113    
-116    
-112    
-115    
-114    
-112    
-116    
-111    
-115    
-114    
-112    
-116    
-111    
-114    
-113    
-111    
-114    
-109    
-113    
-112    
-110    
-113    
-108    
-111    
-110    
-108    
-111    
-106    
-109    
-108    
-106    
-109    
-103    
-106    
-105    
-103    
-106    
-101    
-104    
-102    
-100    
-103    
-97     
-100    
-98     
-96     
-99     
-94     
-97     
-94     
-92     
-95     
-90     
-93     
-90     
-88     
-91     
-85     
-88     
-85     
-83     
-86     
-81     
-83     
-80     
-78     
-81     
-75     
-78     
-75     
-73     
-76     
-70     
-72     
-70     
-67     
-70     
-64     
-67     
-64     
-62     
-64     
-58     
-61     
-58     
-55     
-58     
-52     
-54     
-52     
-49     
-51     
-45     
-48     
-46     
-43     
-45     
-39     
-41     
-39     
-36     
-38     
-32     
-35     
-32     
-29     
-31     
-25     
-28     
-25     
-22     
-24     
-18     
-21     
-18     
-15     
-17     
-12     
-14     
-11     
