-26     
-29     
-3      
-2      
-6      
-16     
-33     
-2      
-8      
-10     
-23     
-7      
-22     
-11     
-24     
-2      
-19     
-9      
-35     
-32     
-16     
-21     
-13     
-30     
-21     
-37     
-17     
-15     
-38     
-15     
-23     
-14     
-15     
-4      
-29     
-18     
-6      
-24     
-9      
-39     
-14     
-27     
-22     
-27     
-33     
-1      
-7      
-18     
-38     
-5      
-36     
-17     
-34     
-39     
-27     
-17     
-38     
-16     
-13     
-9      
-21     
-12     
-10     
-4      
-12     
-20     
-9      
-2      
-22     
-32     
-32     
-14     
-8      
-13     
-11     
-16     
-34     
-20     
-37     
-3      
-5      
-24     
-34     
-36     
-31     
-5      
-25     
-34     
-36     
-26     
-18     
-29     
-11     
-25     
-8      
-36     
-32     
-39     
-26     
-19     
-16     
-25     
-22     
-8      
-11     
-6      
-20     
-2      
-28     
-11     
-23     
-31     
-25     
-30     
-4      
-26     
-30     
-33     
-28     
-31     
-7      
-20     
