  -9.9999999999999978E-002   2.3838156663279226E-002   8.9408323697924336E-004
  0.80100000000000005        9.4331973849387282E-002   1.8545703188645360E-003
   1.7020000000000000       0.16943348684689599        2.5551520859612114E-003
   2.6029999999999998       0.24788762427870439        3.1371600326260919E-003
   3.5039999999999996       0.32297066016766729        3.6325140543529365E-003
   4.4049999999999994       0.42596318902457242        9.5757630829116057E-003
   5.3059999999999992       0.51093990287295721        4.9190479204845976E-003
   6.2069999999999990       0.71600154834204799        3.6932745918765046E-002
   7.1079999999999988       0.79979355072973757        1.3674014292499852E-002
   8.0089999999999986       0.86387738296028282        1.2033268258103462E-002
   8.9099999999999984        1.0049967116729401        1.2486787903616774E-002
   9.8109999999999982        1.0983016348452901        1.3133608589214403E-002
   10.711999999999998        1.1433306135798380        1.1297353610517031E-002
   11.612999999999998        1.2650230747257962        1.2775473020371339E-002
   12.513999999999998        1.3337793969768956        1.2805429989013389E-002
   13.414999999999997        1.4479367586868761        1.2614768202944462E-002
   14.315999999999997        1.5404125287012465        1.3027810633002193E-002
   15.216999999999999        1.6342727598455793        1.5025587273391499E-002
   16.117999999999999        1.6971822266113501        1.2456933793821836E-002
   17.018999999999998        1.8125327828382172        1.3606397293836368E-002
   17.919999999999998        1.9006760361232711        1.3288832558136052E-002
   18.820999999999998        2.0049588075971028        1.4185162032353966E-002
   19.721999999999998        2.0684223892100233        1.3463678421635580E-002
   20.622999999999998        2.1456379241375387        1.3300557496587005E-002
   21.523999999999997        2.2477657491000689        1.3758914373876054E-002
   22.424999999999997        2.3208890871567607        1.3748725497604836E-002
   23.325999999999997        2.4040033303864203        1.4382570995438885E-002
   24.226999999999997        2.4920412457361407        1.4267159350177930E-002
   25.127999999999997        2.5690184281207324        1.4453148757471852E-002
   26.028999999999996        2.6640093765874084        1.4878029113541769E-002
   26.929999999999996        2.7591134650940208        1.5437479239082178E-002
   27.830999999999996        2.8341413028036744        1.5137141204056232E-002
   28.731999999999996        2.8718223225260386        1.5241335193094303E-002
   29.632999999999996        2.9878115358656760        1.5863507742125135E-002
   30.533999999999995        3.0568996037079210        1.6106997036970723E-002
   31.434999999999999        3.1269664548914728        1.6342688148422442E-002
   32.335999999999999        3.2336732570033102        1.6457250071681747E-002
   33.237000000000002        3.2622908049432708        1.6260716061087661E-002
   34.138000000000005        3.3490318341904768        1.6616593414249491E-002
   35.039000000000009        3.4002328923617675        1.6896838345849235E-002
   35.940000000000012        3.4715935060655339        1.6937441808152376E-002
   36.841000000000015        3.5768736668819376        1.7415880756268581E-002
   37.742000000000019        3.6033067696647247        1.7438172068217732E-002
   38.643000000000022        3.6798731574733408        1.7698313041639695E-002
   39.544000000000025        3.7688824016413420        1.7982498682189266E-002
   40.445000000000029        3.7933221388033762        1.7983459715410106E-002
   41.346000000000032        3.8810664947079991        1.8167598906750397E-002
   42.247000000000035        3.9524812327978949        1.8451084189642062E-002
   43.148000000000039        4.0055320200408184        1.8616158863276826E-002
   44.049000000000042        4.0850068763126774        1.8931595159127474E-002
   44.950000000000045        4.1263554654623160        1.9188500064234192E-002
   45.851000000000049        4.2115684141736649        1.9270828549371070E-002
   46.752000000000052        4.2644187079807772        1.9666821454216592E-002
   47.653000000000056        4.2795992131050031        1.9634682396327950E-002
   48.554000000000059        4.3507980311032490        1.9910584539311757E-002
   49.455000000000062        4.4476937066624656        2.0189638733781469E-002
   50.356000000000066        4.4418473241081573        2.0279519140997272E-002
   51.257000000000069        4.4957227253167256        2.0542795359313436E-002
   52.158000000000072        4.5694905717033567        2.0774486749242919E-002
   53.059000000000076        4.6288209388072339        2.1032582673510401E-002
   53.960000000000079        4.6690581056661440        2.1238884865317356E-002
   54.861000000000082        4.7665717486557746        2.1504372562420489E-002
   55.762000000000086        4.7951140654533706        2.1758937712382104E-002
   56.663000000000089        4.7965547401327999        2.1870316396269754E-002
   57.564000000000092        4.8366475624860366        2.1880304582455355E-002
   58.465000000000096        4.8970003602586258        2.2229183760696249E-002
   59.366000000000099        4.9470631008596913        2.2484309671663299E-002
   60.267000000000102        4.9745202667277102        2.2565298587635473E-002
   61.168000000000106        5.0041280110287154        2.2660741296198619E-002
   62.069000000000109        5.0658734482027876        2.3083897942492108E-002
   62.970000000000113        5.0961383202994659        2.3171736633545163E-002
   63.871000000000116        5.1544800797402521        2.3484168425906515E-002
   64.772000000000119        5.1531789794588043        2.3497944372473465E-002
   65.673000000000116        5.1562073556263357        2.3656898386092983E-002
   66.574000000000112        5.2449437132799464        2.3994690631634990E-002
   67.475000000000108        5.2436364259654766        2.4100016189231611E-002
   68.376000000000104        5.2822704319757214        2.4210532852248015E-002
   69.277000000000100        5.3183675053891255        2.4337531344002770E-002
   70.178000000000097        5.3279636896080502        2.4570286845846324E-002
   71.079000000000093        5.3590885300994584        2.4743271331299835E-002
   71.980000000000089        5.3601323328548309        2.4872440549629407E-002
   72.881000000000085        5.3698194697867772        2.4863286474667633E-002
   73.782000000000082        5.3963878002149084        2.5073458218992303E-002
   74.683000000000078        5.4660188406217847        2.5388216531916731E-002
   75.584000000000074        5.4545071750469827        2.5340817307913543E-002
   76.485000000000070        5.4671977123020170        2.5522284060415068E-002
   77.386000000000067        5.4837549310883134        2.5629520219033992E-002
   78.287000000000063        5.5200374864182322        2.5771202490852917E-002
   79.188000000000059        5.5576163290884484        2.5910271000630879E-002
   80.089000000000055        5.5395475994140373        2.5928494546702908E-002
   80.990000000000052        5.4953574281070345        2.5812192175048820E-002
   81.891000000000048        5.5555787895036737        2.6058123389572713E-002
   82.792000000000044        5.5188600292754897        2.6025016778946499E-002
   83.693000000000040        5.5663931050281219        2.6159676159551008E-002
   84.594000000000037        5.5608583312308708        2.6225664089276637E-002
   85.495000000000033        5.5924135008084148        2.6259636124853481E-002
   86.396000000000029        5.6091325539589532        2.6345479612548062E-002
   87.297000000000025        5.6080715063636086        2.6320968193166032E-002
   88.198000000000022        5.5268477473830675        2.6129912034819992E-002
   89.099000000000018        5.5551118628210858        2.6242783982028593E-002
   90.000000000000014        5.6510712709239375        2.6496022555217331E-002
   90.901000000000010        5.5572231794591875        2.6302206865404312E-002
   91.802000000000007        5.5794769180567627        2.6265494607041279E-002
   92.703000000000003        5.5430227012314823        2.6147857291429624E-002
   93.603999999999999        5.5593937905547026        2.6148282928557327E-002
   94.504999999999995        5.5332482964497434        2.6074916580860905E-002
   95.405999999999992        5.5521452879115420        2.6078583100537456E-002
   96.306999999999988        5.4622048298504069        2.5776947465662912E-002
   97.207999999999984        5.4986902333153012        2.5865700099344916E-002
   98.108999999999980        5.5138680880591888        2.5873123777032360E-002
   99.009999999999977        5.4514085415144544        2.5658775228308551E-002
   99.910999999999973        5.4412134324102599        2.5619655018152322E-002
   100.81199999999997        5.4590076980290432        2.5511858490543712E-002
   101.71299999999997        5.4172163142933609        2.5381059159409275E-002
   102.61399999999996        5.4267488813477733        2.5304016051714132E-002
   103.51499999999996        5.4061743502384667        2.5130889976293733E-002
   104.41599999999995        5.3750222861251782        2.4975995608114216E-002
   105.31699999999995        5.3412798926992400        2.4869886571703744E-002
   106.21799999999995        5.2962826427001781        2.4623838904521078E-002
   107.11899999999994        5.2779404435590758        2.4476560963304906E-002
   108.01999999999994        5.2969188393257305        2.4482069597060247E-002
   108.92099999999994        5.2588962602106335        2.4292523100905579E-002
   109.82199999999993        5.2616310092827359        2.4224496910789324E-002
   110.72299999999993        5.2044657249145230        2.3920097536594995E-002
   111.62399999999992        5.1445444278426278        2.3685668154506866E-002
   112.52499999999992        5.1033976426524985        2.3482642184608573E-002
   113.42599999999992        5.1279342986272702        2.3420118638046595E-002
   114.32699999999991        5.0533634051155767        2.3139101608732990E-002
   115.22799999999991        5.0239002822582819        2.3022071403115667E-002
   116.12899999999991        4.9740324746120317        2.2761780931894900E-002
   117.02999999999990        4.9865975923252277        2.2688948237813259E-002
   117.93099999999990        4.9092805357399527        2.2378017460120792E-002
   118.83199999999989        4.8433269688923923        2.2114247750469884E-002
   119.73299999999989        4.8377787668255774        2.2010713168551351E-002
   120.63399999999989        4.7699411109673022        2.1717845662532011E-002
   121.53499999999988        4.7456187814001831        2.1578210993530186E-002
   122.43599999999988        4.6661983886053218        2.1293475108871539E-002
   123.33699999999988        4.6280711269410162        2.1089664443680677E-002
   124.23799999999987        4.5696934821796074        2.0857515954055997E-002
   125.13899999999987        4.5458638065289794        2.0681603059962278E-002
   126.03999999999986        4.5205010396776819        2.0536542606536770E-002
   126.94099999999986        4.4270406110930995        2.0200427226743367E-002
   127.84199999999986        4.4077843752307135        2.0083100906620983E-002
   128.74299999999985        4.3345419860719394        1.9800010321807966E-002
   129.64399999999986        4.3063555489639951        1.9646779159946722E-002
   130.54499999999987        4.1928716765278127        1.9283948321074780E-002
   131.44599999999988        4.1494345573980738        1.9100959399110523E-002
   132.34699999999989        4.1343289129869492        1.8961480643709956E-002
   133.24799999999991        4.0601398379142921        1.8724708968527799E-002
   134.14899999999992        4.0000307687353871        1.8491721963889162E-002
   135.04999999999993        3.9412945173479494        1.8261659974255707E-002
   135.95099999999994        3.8566798847683335        1.7979586369405453E-002
   136.85199999999995        3.7973036828780846        1.7747591788120225E-002
   137.75299999999996        3.7653226334007832        1.7596701890283301E-002
   138.65399999999997        3.6998643070930322        1.7370591004740175E-002
   139.55499999999998        3.6227633257008480        1.7136341062996975E-002
   140.45599999999999        3.5441970189681093        1.6857158154426122E-002
   141.35700000000000        3.4664846010692898        1.6614051439137193E-002
   142.25800000000001        3.4305805520863575        1.6480949264087486E-002
   143.15900000000002        3.3434188535597049        1.6198256707135743E-002
   144.06000000000003        3.2733925752061799        1.5967486583233652E-002
   144.96100000000004        3.1867196586807665        1.5712040580591030E-002
   145.86200000000005        3.1550699039077026        1.5559928296677386E-002
   146.76300000000006        3.0395462568602718        1.5215882450982821E-002
   147.66400000000007        2.9966215502172848        1.5088371507769165E-002
   148.56500000000008        2.9225563008458892        1.4833492157741369E-002
   149.46600000000009        2.8151835191766055        1.4526753479168557E-002
   150.36700000000010        2.7310189688999369        1.4259192160048610E-002
   151.26800000000011        2.6648540291420142        1.4040845049284885E-002
   152.16900000000012        2.6086829482216176        1.3868666033333026E-002
   153.07000000000014        2.5208305484269875        1.3602508274641396E-002
   153.97100000000015        2.4437612483132751        1.3371073121831348E-002
   154.87200000000016        2.3407702176335086        1.3049676502460647E-002
   155.77300000000017        2.2853481771939443        1.2873161465358217E-002
   156.67400000000018        2.2176825135350615        1.2646494156122973E-002
   157.57500000000019        2.1334905298278355        1.2388999019098726E-002
   158.47600000000020        2.0207303291641368        1.2039428939802583E-002
   159.37700000000021        1.9578952362295035        1.1837350769263021E-002
   160.27800000000022        1.8904740862917804        1.1622266536084943E-002
   161.17900000000023        1.7904457039172932        1.1296520330923886E-002
   162.08000000000024        1.6986483754059170        1.0991223177332046E-002
   162.98100000000025        1.6245562148527732        1.0748304902095782E-002
   163.88200000000026        1.5433669018727567        1.0477641028046537E-002
   164.78300000000027        1.4416726251239307        1.0125041483537996E-002
   165.68400000000028        1.3664917126284477        9.8554921629940093E-003
   166.58500000000029        1.2518264118982831        9.4440651412345741E-003
   167.48600000000030        1.1884211531640034        9.2019926690184873E-003
   168.38700000000031        1.0886898138563097        8.8217254274367274E-003
   169.28800000000032       0.98516231386502962        8.3949968968310487E-003
   170.18900000000033       0.92216788371263614        8.1491578810075817E-003
   171.09000000000034       0.83074626308715549        7.7569744886527734E-003
   171.99100000000035       0.74218908617170398        7.3559099968358507E-003
   172.89200000000037       0.65061910433164771        6.9083974623533658E-003
   173.79300000000038       0.56082746752820389        6.4392746453672736E-003
   174.69400000000039       0.46494726048366514        5.8928724532340670E-003
   175.59500000000040       0.38626847682479193        5.4087987593649973E-003
   176.49600000000041       0.29447682912384343        4.7680753158807340E-003
   177.39700000000042       0.20393632290999805        4.0180125640981168E-003
   178.29800000000043       0.12048724722788617        3.1431563484258501E-003
   179.19900000000044        3.2100161515061308E-002   1.6764172130415351E-003
