0
8
-8
15
0
7
15
0
22
6
14
22
6
29
13
21
29
13
36
20
28
36
20
43
27
35
43
27
50
34
42
50
34
57
40
48
57
40
63
47
55
63
46
70
53
61
69
53
76
59
67
75
58
81
65
73
81
64
87
70
78
86
69
92
76
83
91
74
97
80
88
96
79
102
85
93
100
83
106
89
97
104
87
110
93
100
108
91
113
96
104
111
94
116
99
106
114
97
119
102
109
116
99
121
104
111
118
101
123
105
112
119
102
124
107
114
121
103
125
107
114
121
103
125
108
115
121
104
125
108
114
121
103
125
107
114
120
102
124
106
112
119
101
123
104
111
117
99
121
103
109
115
97
118
100
106
113
94
116
97
104
110
91
113
94
100
106
88
109
91
97
103
84
105
87
93
98
80
101
82
88
94
75
96
78
83
89
70
91
73
78
84
65
86
67
73
78
60
80
61
67
73
54
74
56
61
67
48
68
49
55
60
41
62
43
48
54
35
55
36
42
47
28
49
30
35
40
21
42
23
28
33
14
35
16
21
26
7
28
9
14
19
0
21
1
7
12
-6
13
-5
0
5
-13
6
-12
-7
-1
-21
0
-19
-14
-9
-28
-7
-26
-21
-16
-35
-14
-33
-28
-23
-42
-21
-40
-35
-30
-49
-28
-47
-42
-36
-55
-35
-54
-48
-43
-62
-41
-60
-55
-49
-68
-48
-67
-61
-56
-74
-54
-73
-67
-61
-80
-60
-78
-73
-67
-86
-65
-84
-78
-73
-91
-70
-89
-83
-78
-96
-75
-94
-88
-82
-101
-80
-98
-93
-87
-105
-84
-103
-97
-91
-109
-88
-106
-100
-94
-113
-91
-110
-104
-97
-116
-94
-113
-106
-100
-118
-97
-115
-109
-103
-121
-99
-117
-111
-104
-123
-101
-119
-112
-106
-124
-102
-120
-114
-107
-125
-103
-121
-114
-108
-125
-104
-121
-115
-108
-125
-103
-121
-114
-107
-125
-103
-121
-114
-107
-124
-102
-119
-112
-105
-123
-101
-118
-111
-104
-121
-99
-116
-109
-102
-119
-97
-114
-106
-99
-116
-94
-111
-104
-96
-113
-91
-108
-100
-93
-110
-87
-104
-97
-89
-106
-83
-100
-93
-85
-102
-79
-96
-88
-80
-97
-74
-91
-83
-76
-92
-69
-86
-78
-70
-87
-64
-81
-73
-65
-81
-58
-75
-67
-59
-76
-53
-69
-61
-53
-70
-46
-63
-55
-47
-63
-40
-57
-48
-40
-57
-34
-50
-42
-34
-50
-27
-43
-35
-27
-43
-20
-36
-28
-20
-36
-13
-29
-21
-13
-29
-6
-22
-14
-6
-22
0
-15
-7
0
-15
8
-8
0
8
-8
15
0
7
15
0
22
6
14
22
6
29
13
21
29
13
36
20
28
36
20
43
27
35
43
27
50
34
42
50
34
57
40
48
57
40
63
47
55
63
46
70
53
61
69
53
76
59
67
75
58
81
65
73
81
64
87
70
78
86
69
92
76
83
91
74
97
80
88
96
79
102
85
93
100
83
106
89
97
104
87
110
93
100
108
91
113
96
104
111
94
116
99
106
114
97
119
102
109
116
99
121
104
111
118
101
123
105
112
119
102
124
107
114
121
103
125
107
114
121
103
125
108
115
121
104
125
108
114
121
103
125
107
114
120
102
124
106
112
119
101
123
104
111
117
99
121
103
109
115
97
118
100
106
113
94
116
97
104
110
91
113
94
100
106
88
109
91
97
103
84
105
87
93
98
80
101
82
88
94
75
96
78
83
89
70
91
73
78
84
65
86
67
73
78
60
80
61
67
73
54
74
56
61
67
48
68
49
55
60
41
62
43
48
54
35
55
36
42
47
28
49
30
35
40
21
42
23
28
33
14
35
16
21
26
7
28
9
14
19
0
21
1
7
12
-6
13
-5
0
5
-13
6
-12
-7
-1
-21
0
-19
-14
-9
-28
-7
-26
-21
-16
-35
-14
-33
-28
-23
-42
-21
-40
-35
-30
-49
-28
-47
-42
-36
-55
-35
-54
-48
-43
-62
-41
-60
-55
-49
-68
-48
-67
-61
-56
-74
-54
-73
-67
-61
-80
-60
-78
-73
-67
-86
-65
-84
-78
-73
-91
-70
-89
-83
-78
-96
-75
-94
-88
-82
-101
-80
-98
-93
-87
-105
-84
-103
-97
-91
-109
-88
-106
-100
-94
-113
-91
-110
-104
-97
-116
-94
-113
-106
-100
-118
-97
-115
-109
-103
-121
-99
-117
-111
-104
-123
-101
-119
-112
-106
-124
-102
-120
-114
-107
-125
-103
-121
-114
-108
-125
-104
-121
-115
-108
-125
-103
-121
-114
-107
-125
-103
-121
-114
-107
-124
-102
-119
-112
-105
-123
-101
-118
-111
-104
-121
-99
-116
-109
-102
-119
-97
-114
-106
-99
-116
-94
-111
-104
-96
-113
-91
-108
-100
-93
-110
-87
-104
-97
-89
-106
-83
-100
-93
-85
-102
-79
-96
-88
-80
-97
-74
-91
-83
-76
-92
-69
-86
-78
-70
-87
-64
-81
-73
-65
-81
-58
-75
-67
-59
-76
-53
-69
-61
-53
-70
-46
-63
-55
-47
-63
-40
-57
-48
-40
-57
-34
-50
-42
-34
-50
-27
-43
-35
-27
-43
-20
-36
-28
-20
-36
-13
-29
-21
-13
-29
-6
-22
-14
-6
-22
0
-15
-7
0
-15
8
-8
