0.05 0.0 0.0
0.15000000000000002 0.0 0.0
0.25 0.0 0.0
0.35000000000000003 0.0 0.0
0.45 0.0 0.0
0.55 0.0 0.0
0.65 0.0 0.0
0.75 0.0 0.0
0.8500000000000001 0.0 0.0
0.9500000000000001 0.0 0.0
1.05 0.0 0.0
1.1500000000000001 0.0 0.0
1.25 0.0 0.0
1.35 0.0 0.0
1.4500000000000002 0.0 0.0
1.55 0.0 0.0
1.6500000000000001 0.0 0.0
1.75 0.0 0.0
1.85 0.002571028080647 0.0008333333333333333
1.9500000000000002 0.0023141506037024284 0.0016666666666666666
2.0500000000000003 0.005234825215750339 0.00375
2.15 0.0057111301488633115 0.006249999999999999
2.25 0.011298813661855851 0.011666666666666667
2.35 0.021512383116554245 0.022916666666666665
2.45 0.027122847317186404 0.03833333333333332
2.5500000000000003 0.02977437645009658 0.056666666666666664
2.6500000000000004 0.037595337050182275 0.08166666666666667
2.75 0.03200187772925207 0.10458333333333332
2.85 0.027087052101194786 0.12541666666666668
2.95 0.03893418797194264 0.15749999999999997
3.0500000000000003 0.03831531940967081 0.19124999999999992
3.1500000000000004 0.05011259317889902 0.2383333333333334
3.25 0.05082587446143659 0.2891666666666666
3.35 0.061560736070009184 0.35458333333333336
3.45 0.06174103263563244 0.4241666666666666
3.5500000000000003 0.06948541681117036 0.5070833333333333
3.6500000000000004 0.08290616781898193 0.6116666666666665
3.75 0.08636679918411395 0.7266666666666669
3.85 0.0866887997455301 0.8483333333333335
3.95 0.09335479306247599 0.9862500000000001
4.05 0.09470406229476114 1.1333333333333335
4.15 0.1103805498715086 1.3133333333333332
4.25 0.11742894393000494 1.514166666666667
4.3500000000000005 0.11465032574779517 1.7195833333333328
4.45 0.11777783997449676 1.940416666666667
4.55 0.1334889701160653 2.2020833333333334
4.65 0.14694018002399198 2.5029166666666662
4.75 0.14491440820258386 2.8125000000000004
4.8500000000000005 0.15228304611046597 3.1516666666666664
4.95 0.14547416198121485 3.4891666666666685
5.050000000000001 0.15271170875438894 3.857916666666667
5.15 0.15845329747878428 4.255833333333335
5.25 0.16381046260937848 4.683333333333334
5.3500000000000005 0.1628177561031275 5.124583333333333
5.45 0.1733431506803183 5.6120833333333335
5.550000000000001 0.18286823253410467 6.145416666666663
5.65 0.19244347869891198 6.727083333333335
5.75 0.1908659810905481 7.324583333333334
5.8500000000000005 0.20149891055994687 7.977499999999999
5.95 0.20696461357888843 8.67125
6.050000000000001 0.2247060045880582 9.450000000000001
6.15 0.2152474134936672 10.220833333333333
6.25 0.21990572051307117 11.034166666666668
6.3500000000000005 0.2413005600413698 11.955416666666672
6.45 0.25249355890048925 12.950000000000003
6.550000000000001 0.2539718707532197 13.981666666666666
6.65 0.27873252410293714 15.14875
6.75 0.27884143451189775 16.351666666666667
6.8500000000000005 0.29580046088130985 17.665833333333335
6.95 0.29472922119236594 19.013750000000005
7.050000000000001 0.305906390354052 20.45333333333333
7.15 0.30515682658384224 21.930416666666666
7.25 0.3129553727416399 23.48791666666667
7.3500000000000005 0.3308092352522417 25.179999999999996
7.45 0.3468052999525026 27.002500000000005
7.550000000000001 0.3413078490568674 28.844583333333333
7.65 0.3595891097926366 30.83708333333334
7.75 0.3727895118469083 32.95708333333333
7.8500000000000005 0.3709221530495566 35.12125
7.95 0.38393065648642316 37.418750000000024
8.05 0.3863354862680011 39.78916666666668
8.15 0.40069795837834143 42.30916666666666
8.25 0.4019053659369432 44.89916666666665
8.35 0.4036346306660246 47.56374999999999
8.450000000000001 0.4177429133922862 50.387916666666655
8.55 0.4230781395116109 53.31624999999998
8.65 0.43946655026721837 56.42958333333335
8.75 0.44126219479854295 59.6283333333333
8.85 0.45196719426956683 62.97999999999998
8.950000000000001 0.46488811718473444 66.50583333333334
9.05 0.46805021574213485 70.13541666666666
9.15 0.47190991641051794 73.87624999999994
9.25 0.48516353573632226 77.80666666666667
9.35 0.48888569006488164 81.85333333333334
9.450000000000001 0.5085058529138454 86.15291666666668
9.55 0.5001802120765779 90.47208333333334
9.65 0.5154809609102131 95.01708333333335
9.75 0.5153771787866482 99.65583333333332
9.850000000000001 0.5276900211097646 104.50333333333329
9.950000000000001 0.5262044685364822 109.4358333333333
10.05 0.5416656656259845 114.61583333333334
10.15 0.5365127598219714 119.84916666666668
10.25 0.54096510054916 125.2304166666667
10.350000000000001 0.5506098201102239 130.815
10.450000000000001 0.5533402797976029 136.53625000000002
10.55 0.5677302536563851 142.5191666666667
10.65 0.5628610777298422 148.56375000000003
10.75 0.5676703412177482 154.77500000000003
10.850000000000001 0.5705253049825724 161.13416666666674
10.950000000000001 0.5621343369302454 167.51583333333332
11.05 0.5709637053132233 174.11666666666667
11.15 0.5534409026197881 180.63125000000005
11.25 0.5715669190470734 187.48041666666666
11.350000000000001 0.5707631779320415 194.44208333333336
11.450000000000001 0.5757408536207766 201.58875000000003
11.55 0.5788448956029673 208.9
11.65 0.5716091521064511 216.2454166666666
11.75 0.5689654291872893 223.68291666666664
11.850000000000001 0.585759408140484 231.47083333333336
11.950000000000001 0.5855501900457943 239.3879166666666
12.05 0.5940260604779478 247.55458333333326
12.15 0.5978519802382708 255.91083333333333
12.25 0.6045242066852581 264.50000000000006
12.350000000000001 0.6053341969374961 273.2416666666667
12.450000000000001 0.6076017870226711 282.15875000000017
12.55 0.6099440505125622 291.2545833333333
12.65 0.6204417956727 300.6550000000001
12.75 0.6232814389580965 310.2483333333334
12.850000000000001 0.6323541839209892 320.13458333333324
12.950000000000001 0.6277428927705586 330.1020833333334
13.05 0.637823928281932 340.3866666666667
13.15 0.6366855638887224 350.8108333333333
13.25 0.6320496100738466 361.31708333333336
13.350000000000001 0.6425181997498591 372.1591666666668
13.450000000000001 0.6456736881030359 383.2183333333334
13.55 0.6515665990323711 394.545
13.65 0.6537225604861052 406.0775
13.75 0.6518366444263898 417.7458333333333
13.850000000000001 0.6487438739663054 429.52833333333336
13.950000000000001 0.6555773699279008 441.60749999999996
14.05 0.6635557521201138 454.00958333333335
14.15 0.6608038036214344 466.53666666666635
14.25 0.6642616048015294 479.30791666666664
14.350000000000001 0.6739063007388802 492.4470833333335
14.450000000000001 0.6670349320170091 505.63416666666666
14.55 0.6660670243549464 518.9849999999999
14.65 0.6852807273157069 532.9104166666667
14.75 0.6871049403164449 547.0641666666668
14.850000000000001 0.6880996188499089 561.4312500000001
14.950000000000001 0.6971972581090179 576.1850000000002
15.05 0.6945688679499648 591.0804166666666
15.15 0.6977200870995128 606.2429166666667
15.25 0.6993289058567244 621.6416666666665
15.350000000000001 0.7049643370522897 637.3687500000002
15.450000000000001 0.69948161295638 653.1775000000001
15.55 0.7108612647926352 669.4520833333333
15.65 0.7198814767376368 686.1458333333335
15.75 0.7153107181448377 702.9462499999998
15.850000000000001 0.7214130918061509 720.105833333333
15.950000000000001 0.7188997039851815 737.4220833333333
16.05 0.716341499939102 754.8937499999998
16.150000000000002 0.7145168529307133 772.53875
16.25 0.7190322758181802 790.5158333333337
16.35 0.7236639689071044 808.8320833333333
16.45 0.7305371178344322 827.5491666666666
16.55 0.7245793919953856 846.3400000000001
16.650000000000002 0.7349670054933699 865.6312500000004
16.75 0.7333072949119197 885.1108333333334
16.85 0.7365795176668327 904.9116666666666
16.95 0.7363232351297287 924.9412499999999
17.05 0.7399279432070555 945.3070833333331
17.150000000000002 0.7424112451501721 965.981666666667
17.25 0.7435598888672378 986.930416666667
17.35 0.7429515847556643 1008.105416666667
17.45 0.7513987808133555 1029.7687500000004
17.55 0.7452034781535337 1051.5004166666665
17.650000000000002 0.757577439060097 1073.8454166666663
17.75 0.7620973847168376 1096.5791666666664
17.85 0.7561928383338712 1119.391666666667
17.95 0.7591817874076411 1142.5516666666663
18.05 0.7567768848887273 1165.8962499999998
18.150000000000002 0.7592013188007036 1189.5758333333335
18.25 0.7604174304696082 1213.5554166666668
18.35 0.7631956759950977 1237.8870833333337
18.45 0.7676661700796064 1262.6287499999996
18.55 0.7659597513289345 1287.5837500000002
18.650000000000002 0.7711791175981544 1312.9804166666663
18.75 0.7680448062120314 1338.5458333333338
18.85 0.7716585738245856 1364.5062500000001
18.95 0.7707907748212764 1390.7133333333334
19.05 0.7727240943023028 1417.264166666666
19.150000000000002 0.7789791631359377 1444.3116666666665
19.25 0.781571398252732 1471.733333333333
19.35 0.7793554671922653 1499.3620833333334
19.450000000000003 0.7905796038996523 1527.6791666666666
19.55 0.7919311027660125 1556.337083333333
19.650000000000002 0.7898862145071508 1585.214166666667
19.75 0.7923435991618548 1614.4766666666667
19.85 0.7930361856139305 1644.0620833333328
19.950000000000003 0.7952673198365653 1674.0304166666665
20.05 0.7967796717226178 1704.3574999999998
20.150000000000002 0.8019080423590959 1735.1850000000004
20.25 0.7973129482015984 1766.1408333333338
20.35 0.8021525557751121 1797.592916666667
20.450000000000003 0.8031870841933159 1829.3958333333337
20.55 0.8074877740282639 1861.6824999999997
20.650000000000002 0.8078079609229714 1894.2970833333338
20.75 0.8068170908853032 1927.1879166666681
20.85 0.8130763985084049 1960.6541666666662
20.950000000000003 0.8066263142292125 1994.174166666667
21.05 0.8135900680453085 2028.3070833333331
21.150000000000002 0.8099778191841012 2062.6120833333334
21.25 0.8155777001147957 2097.4816666666666
21.35 0.8159687633364159 2132.697083333333
21.450000000000003 0.8166901217620123 2168.274583333334
21.55 0.8125964914509513 2204.004583333334
21.650000000000002 0.8199602355614805 2240.3937499999993
21.75 0.8113307021366929 2276.7333333333345
21.85 0.8186880897696456 2313.7404166666665
21.950000000000003 0.8173195652088042 2351.0245833333342
22.05 0.8182049433783344 2388.6899999999996
22.150000000000002 0.8246650518581312 2426.9979166666667
22.25 0.8204424657456046 2465.454583333333
22.35 0.8235392292901627 2504.4041666666667
22.450000000000003 0.8263300932164218 2543.8362499999994
22.55 0.8289785907969058 2583.747916666667
22.650000000000002 0.8264099492302144 2623.8895833333336
22.75 0.8339216652665645 2664.754583333334
22.85 0.8384048101009011 2706.20125
22.950000000000003 0.8468723991733839 2748.4337499999997
23.05 0.8460257430575393 2790.9924999999994
23.150000000000002 0.8513535632510937 2834.1916666666675
23.25 0.8519752169793857 2877.796666666667
23.35 0.8535720174221141 2921.8600000000006
23.450000000000003 0.8578796062044368 2966.5258333333327
23.55 0.8658604345824514 3011.9924999999985
23.650000000000002 0.8662721243538701 3057.867916666666
23.75 0.8708591984980028 3104.3770833333338
23.85 0.8717956932965021 3151.329166666667
23.950000000000003 0.8747883712741167 3198.838333333333
24.05 0.8774577637695502 3246.8912500000006
24.150000000000002 0.8737977717895073 3295.1425000000013
24.25 0.874284081941342 3343.82125
24.35 0.8833425949046182 3393.4108333333324
24.450000000000003 0.8793854683771578 3443.1845833333336
24.55 0.8800780300959207 3493.405833333332
24.650000000000002 0.8846848641380131 3544.302083333334
24.75 0.886753235795441 3595.7320833333333
24.85 0.8836001854450894 3647.394166666667
24.950000000000003 0.8927345528875295 3700.011249999999
25.05 0.8946680657862952 3753.1658333333344
25.150000000000002 0.8957286399806642 3806.809166666667
25.25 0.9011619430733748 3861.2079166666686
25.35 0.9090635358360077 3916.5191666666683
25.450000000000003 0.9019812231096155 3971.833333333334
25.55 0.9084508371437735 4027.982916666667
25.650000000000002 0.9137221240741693 4084.9012500000026
25.75 0.9208355587350253 4142.710833333331
25.85 0.9211799490828299 4200.992083333333
25.950000000000003 0.9270465084276441 4260.099166666667
26.05 0.9274977644287833 4319.691666666665
26.150000000000002 0.931879283633933 4380.026250000001
26.25 0.9306300976107285 4440.741666666667
26.35 0.9350646772539571 4502.212083333335
26.450000000000003 0.9372292579024663 4564.293333333335
26.55 0.9409704360530188 4627.0945833333335
26.650000000000002 0.9416053893969509 4690.4125
26.75 0.9489942098101944 4754.707083333334
26.85 0.9495139782257728 4819.518749999999
26.950000000000003 0.9502483372485477 4884.864583333331
27.05 0.9552161144857828 4951.040416666666
27.150000000000002 0.9597984862878072 5018.02625
27.25 0.9608684448602002 5085.581666666668
27.35 0.9661035828262123 5154.004583333332
27.450000000000003 0.9648827401479269 5222.841666666667
27.55 0.9725019655165927 5292.728750000001
27.650000000000002 0.9745866169709271 5363.275000000001
27.75 0.9780789997120857 5434.587083333331
27.85 0.9838394677230923 5506.837083333335
27.950000000000003 0.9865801936684925 5579.809583333334
28.05 0.9888094419065003 5653.471249999999
28.150000000000002 0.9923538901633044 5727.924999999999
28.25 0.9979795428856654 5803.33375
28.35 0.997330440737325 5879.227916666668
28.450000000000003 1.0007761771323327 5955.922499999999
28.55 1.0000730051874303 6033.102916666665
28.650000000000002 1.002577436192493 6111.019583333335
28.75 1.0078553303913642 6189.894166666664
28.85 1.0052055922573808 6269.109583333334
28.950000000000003 1.0113897555296996 6349.3658333333315
29.05 1.01317856798577 6430.320416666666
29.150000000000002 1.009558774530004 6511.542083333336
29.25 1.012203995883636 6593.536250000004
29.35 1.0135943556551923 6676.205416666664
29.450000000000003 1.0169061802605082 6759.710833333332
29.55 1.0208757618417252 6844.1125
29.650000000000002 1.02043369682399 6929.049583333336
29.75 1.0218937793438532 7014.682916666664
29.85 1.026339016731852 7101.2679166666685
29.950000000000003 1.0241918717485838 7188.251666666666
30.05 1.0297164678813697 7276.289583333334
30.150000000000002 1.027588279268377 7364.731250000003
30.25 1.0295342816824182 7453.929166666667
30.35 1.0304577403545108 7543.798333333331
30.450000000000003 1.0328182197523736 7634.467916666664
30.55 1.031669495279477 7725.6325
30.650000000000002 1.035193580379304 7817.708333333333
30.75 1.0356016437823494 7910.422500000002
30.85 1.0369675770075628 8003.863749999999
30.950000000000003 1.036971150457245 8097.912083333335
31.05 1.0455848190970078 8193.355416666664
31.150000000000002 1.0434494594313604 8289.218333333334
31.25 1.0445239949197422 8385.797083333335
31.35 1.0468576504658518 8483.21208333333
31.450000000000003 1.043583470010939 8580.942916666667
31.55 1.0486810931163657 8679.776666666667
31.650000000000002 1.048601870814586 8779.230416666662
31.75 1.0517944580099472 8879.618333333332
31.85 1.0541324535383938 8980.864166666666
31.950000000000003 1.0524630651644562 9082.585416666667
32.050000000000004 1.0529788960283084 9184.994583333335
32.15 1.0552391114538828 9288.265
32.25 1.0579926852580086 9392.45
32.35 1.0583078019420256 9497.313333333334
32.45 1.0597147999107404 9602.96625
32.550000000000004 1.0617491312155334 9709.475416666666
32.65 1.060299916867126 9816.493750000001
32.75 1.0624305092463313 9924.384999999998
32.85 1.066856360260323 10033.388333333332
32.95 1.059361031343938 10142.28583333333
33.050000000000004 1.06179135075243 10252.096666666668
33.15 1.066599893980875 10363.073333333334
33.25 1.0676494661122768 10474.83041666667
33.35 1.0690313061005008 10587.40625
33.45 1.0669636440301202 10700.439166666672
33.550000000000004 1.0649680665700862 10813.936250000002
33.65 1.0640577691038604 10928.013333333332
33.75 1.0664080454552514 11043.02291666667
33.85 1.0671719037195753 11158.797916666668
33.95 1.0708940173515182 11275.664166666667
34.050000000000004 1.072462632248079 11393.392083333332
34.15 1.0741945311310954 11512.00375
34.25 1.0743986040433107 11631.333750000003
34.35 1.0747573913745223 11751.401666666672
34.45 1.0731768438677933 11871.992083333333
34.550000000000004 1.075364297751581 11993.530833333332
34.65 1.0745800189459551 12115.684999999998
34.75 1.0760391319716882 12238.71208333334
34.85 1.0819858696823397 12363.132083333343
34.95 1.0786816890456237 12487.885
35.050000000000004 1.081021600073125 12613.624999999998
35.15 1.080026315021962 12739.967083333337
35.25 1.0859240715098661 12867.722916666666
35.35 1.0831133665573671 12995.87208333333
35.45 1.083580741265916 13124.802916666666
35.550000000000004 1.0867034914906328 13254.83583333334
35.65 1.0859168262362437 13385.50666666667
35.75 1.087570124438764 13517.111666666668
35.85 1.086592629438213 13649.335000000001
35.95 1.0888099450668336 13782.568333333338
36.050000000000004 1.0920458571761271 13916.942083333335
36.15 1.0941046010224167 14052.317083333326
36.25 1.0936859966339783 14188.390000000003
36.35 1.0911338665464303 14324.89541666667
36.45 1.0937173812702583 14462.477916666665
36.550000000000004 1.0952153557722977 14601.00583333333
36.65 1.0936370771309947 14740.092083333331
36.75 1.0951454871348223 14880.131249999995
36.85 1.0953575306290315 15020.960833333333
36.95 1.097488425301731 15162.831250000001
37.050000000000004 1.096554021200279 15305.349166666665
37.15 1.099318982297837 15448.99875
37.25 1.0976173295948335 15593.199166666667
37.35 1.1007446564556012 15738.587916666676
37.45 1.097992982835859 15884.390833333335
37.550000000000004 1.1024241057324882 16031.565000000002
37.65 1.1047809873205152 16179.840416666675
37.75 1.1051426869752552 16328.953333333326
37.85 1.1039768885693466 16478.69916666666
37.95 1.1092890273230605 16629.961666666666
38.050000000000004 1.1095391220888893 16782.056666666664
38.15 1.1103942338462534 16935.070000000003
38.25 1.115346065801623 17089.57249999999
38.35 1.115808699788673 17244.94833333333
38.45 1.1120721710018115 17400.612500000007
38.550000000000004 1.1162451898802952 17557.67458333334
38.650000000000006 1.1187546400022041 17715.907500000005
38.75 1.1170411370163489 17874.716666666664
38.85 1.1164500600693632 18034.262083333335
38.95 1.1170657352521642 18194.71833333334
39.050000000000004 1.118090470582563 18356.147500000006
39.150000000000006 1.1219814636356653 18518.969166666666
39.25 1.1179627422714442 18682.0375
39.35 1.1206605845374669 18846.333333333332
39.45 1.1234298476321085 19011.873333333344
39.550000000000004 1.1250764607054762 19178.4975
39.650000000000006 1.1239909293507586 19345.803750000006
39.75 1.1261440033911194 19514.277083333334
39.85 1.1261857020868828 19683.605416666665
39.95 1.128214709334822 19854.09125
40.050000000000004 1.1319132103784406 20025.993333333325
40.150000000000006 1.1307998802311126 20198.585000000006
40.25 1.1341412422586874 20372.549999999992
40.35 1.1300917037236335 20546.756250000006
40.45 1.1331876857800425 20722.306666666667
40.550000000000004 1.1360146060691925 20899.166249999995
40.650000000000006 1.1356441293206863 21076.841249999994
40.75 1.1382397216357594 21255.799583333344
40.85 1.137407527167261 21435.505833333336
40.95 1.133336705020833 21615.44666666667
41.050000000000004 1.1354500528733809 21796.604583333326
41.150000000000006 1.133693550941593 21978.36458333334
41.25 1.136404658608336 22161.445833333335
41.35 1.1381240051553396 22345.69416666667
41.45 1.1378361533860106 22530.787916666664
41.550000000000004 1.1378590687908712 22716.77958333334
41.650000000000006 1.1422548698182993 22904.389583333334
41.75 1.1355297117707273 23091.791666666664
41.85 1.141187879955033 23281.03083333333
41.95 1.138942056827131 23470.80125
42.050000000000004 1.1407614433564093 23661.782083333346
42.150000000000006 1.1388649477024297 23853.35333333334
42.25 1.142069410296033 24046.37624999999
42.35 1.1391310790601914 24239.81499999999
42.45 1.1403495952667106 24434.376249999998
42.550000000000004 1.142579553493139 24630.2375
42.650000000000006 1.1394802606477996 24826.486666666657
42.75 1.1420947191299027 25024.10958333332
42.85 1.1429815642015182 25222.81083333333
42.95 1.1429693458905674 25422.17041666666
43.050000000000004 1.1472354285616577 25622.740000000005
43.150000000000006 1.1463529028516706 25823.62083333334
43.25 1.1459560280679693 26024.89750000001
43.35 1.1471609364296995 26226.851666666662
43.45 1.145529044859317 26428.98375
43.550000000000004 1.1509040971246325 26632.531666666662
43.650000000000006 1.1481522567299987 26836.059166666666
43.75 1.1443271899557506 27039.373333333337
43.85 1.1438116759420622 27243.060416666667
43.95 1.1471597409164707 27447.809583333332
44.050000000000004 1.1482868690590702 27653.22624999998
44.150000000000006 1.148054053704408 27859.067500000005
44.25 1.1488355428194539 28065.51541666666
44.35 1.1461896360370514 28271.95333333332
44.45 1.1462308639574612 28478.864166666674
44.550000000000004 1.1456915404409846 28686.142916666657
44.650000000000006 1.1463725107439802 28894.010416666675
44.75 1.1438107844630194 29101.87791666666
44.85 1.14495043876857 29310.417499999992
44.95 1.1446264748871093 29519.36291666666
45.050000000000004 1.1404162906641784 29728.002916666665
45.150000000000006 1.1420603715394486 29937.407499999998
45.25 1.139871027297408 30146.843333333316
45.35 1.1389554791312555 30356.187083333334
45.45 1.1382785015458563 30565.37791666667
45.550000000000004 1.1372479862138456 30774.348750000005
45.650000000000006 1.1340788984467838 30982.704583333325
45.75 1.1345883028165755 31191.119166666675
45.85 1.1315023565431177 31398.929999999997
45.95 1.13167633221044 31606.73375
46.050000000000004 1.1323704315028253 31814.62374999999
46.150000000000006 1.128729361446072 32021.802083333325
46.25 1.1269806603105563 32228.614166666663
46.35 1.1287879340485873 32435.710416666665
46.45 1.1266960036589289 32642.37333333333
46.550000000000004 1.122792399912228 32848.26875000001
46.650000000000006 1.1243098552337283 33054.38875
46.75 1.1225887979875975 33260.13749999999
46.85 1.1231728787826478 33465.93541666667
46.95 1.1223290304287858 33671.51875
47.050000000000004 1.122950248893872 33877.15374999999
47.150000000000006 1.1233922742385796 34082.80541666666
47.25 1.1219723840060842 34288.13083333334
47.35 1.1228020327935544 34493.539583333324
47.45 1.118802354622721 34698.14625000001
47.550000000000004 1.1172456223771345 34902.39583333335
47.650000000000006 1.1164038666636689 35106.41708333335
47.75 1.1153312894300738 35310.16583333335
47.85 1.1166766919373203 35514.08166666667
47.95 1.1116182308103166 35716.99333333334
48.050000000000004 1.1107416051558958 35919.6625
48.150000000000006 1.111847331555672 36122.44875000001
48.25 1.1082299850714143 36324.48875000001
48.35 1.1065576865722668 36526.13541666668
48.45 1.1056617293398923 36727.52833333333
48.550000000000004 1.1056323869786095 36928.82333333333
48.650000000000006 1.1029127246335169 37129.52875000001
48.75 1.1019566783862211 37329.96375000001
48.85 1.099865235993381 37529.920000000006
48.95 1.0999615624105348 37729.793333333335
49.050000000000004 1.099879035534913 37929.549166666664
49.150000000000006 1.095648600739075 38128.43250000001
49.25 1.096799270930724 38327.41833333336
49.35 1.095559038151915 38526.07083333331
49.45 1.0910640588120548 38723.79833333333
49.550000000000004 1.0902446997363284 38921.26541666666
49.650000000000006 1.0874838758204226 39118.118749999994
49.75 1.089321414333814 39315.188749999994
49.85 1.0859781092031673 39511.536250000005
49.95 1.0827343784048271 39707.17791666666
50.050000000000004 1.0827398745070216 39902.69916666666
