0.05 0.0 0.0
0.15000000000000002 0.0 0.0
0.25 0.0 0.0
0.35000000000000003 0.0 0.0
0.45 0.0 0.0
0.55 0.0 0.0
0.65 0.0 0.0
0.75 0.0 0.0
0.8500000000000001 0.0 0.0
0.9500000000000001 0.0 0.0
1.05 0.0 0.0
1.1500000000000001 0.0 0.0
1.25 0.0 0.0
1.35 0.0 0.0
1.4500000000000002 0.0 0.0
1.55 0.0 0.0
1.6500000000000001 0.0 0.0
1.75 0.0 0.0
1.85 0.0 0.0
1.9500000000000002 0.0 0.0
2.0500000000000003 0.0 0.0
2.15 0.0 0.0
2.25 0.0 0.0
2.35 0.0 0.0
2.45 0.0 0.0
2.5500000000000003 0.0 0.0
2.6500000000000004 0.0 0.0
2.75 0.0 0.0
2.85 0.0 0.0
2.95 0.0 0.0
3.0500000000000003 0.0 0.0
3.1500000000000004 0.0 0.0
3.25 0.00033328442269794505 0.0003333333333333333
3.35 0.0 0.0003333333333333333
3.45 0.0 0.0003333333333333333
3.5500000000000003 0.0005586767180797617 0.001
3.6500000000000004 0.0018496993616984004 0.003333333333333333
3.75 0.001001354193439003 0.004666666666666666
3.85 0.001425021365679948 0.006666666666666666
3.95 0.0020306782780961548 0.009666666666666665
4.05 0.0012877606204386783 0.01166666666666667
4.15 0.0038837600880716025 0.018000000000000006
4.25 0.004287861853045823 0.025333333333333336
4.3500000000000005 0.005023219140268511 0.03433333333333335
4.45 0.006400003379746241 0.04633333333333331
4.55 0.0064618864514783235 0.059
4.65 0.007163842571806816 0.07366666666666666
4.75 0.007021424892722774 0.08866666666666662
4.8500000000000005 0.009728155279784075 0.11033333333333323
4.95 0.009339082003732315 0.13199999999999995
5.050000000000001 0.011871825494126503 0.16066666666666657
5.15 0.012609895925013187 0.19233333333333327
5.25 0.014050020184819987 0.22899999999999987
5.3500000000000005 0.019064590894039477 0.2806666666666666
5.45 0.018964036997504898 0.3339999999999999
5.550000000000001 0.022515651130761656 0.39966666666666667
5.65 0.021174296796671103 0.46366666666666667
5.75 0.025874718775455028 0.5446666666666666
5.8500000000000005 0.029421155543149852 0.6399999999999998
5.95 0.030727719205225937 0.7429999999999999
6.050000000000001 0.0339523679484578 0.8606666666666667
6.15 0.037325064999334294 0.9943333333333328
6.25 0.04154776112972376 1.148
6.3500000000000005 0.04705961170956064 1.3276666666666659
6.45 0.048742786737053 1.5196666666666667
6.550000000000001 0.05284584321973299 1.7343333333333337
6.65 0.05222378745063236 1.9529999999999994
6.75 0.05833745287328932 2.2046666666666663
6.8500000000000005 0.06617527114706787 2.4986666666666673
6.95 0.06690854406295939 2.8046666666666678
7.050000000000001 0.07111548848983347 3.139333333333332
7.15 0.07933216682078112 3.523333333333332
7.25 0.08620086992370059 3.952333333333334
7.3500000000000005 0.09025772781568185 4.414
7.45 0.09660438442206871 4.921666666666667
7.550000000000001 0.10128837321027141 5.468333333333336
7.65 0.11129064878567586 6.084999999999999
7.75 0.11500204752258396 6.739
7.8500000000000005 0.12437389714114519 7.464666666666668
7.95 0.13201532910740987 8.254666666666667
8.05 0.14527137848910326 9.146
8.15 0.15174580090439033 10.100333333333332
8.25 0.15734827840156768 11.114333333333336
8.35 0.16238798714269734 12.186333333333332
8.450000000000001 0.17316177183047615 13.357
8.55 0.1839197967893957 14.629999999999988
8.65 0.19286652992990688 15.996333333333332
8.75 0.2014965155771489 17.457000000000004
8.85 0.20744192954291918 18.99533333333334
8.950000000000001 0.21513848580659634 20.627000000000006
9.05 0.2281200775978426 22.396000000000008
9.15 0.23371577771527366 24.248666666666683
9.25 0.24132166963583426 26.20366666666666
9.35 0.2481880154752772 28.258000000000017
9.450000000000001 0.2552631377162244 30.416333333333323
9.55 0.2589009208873322 32.652
9.65 0.2670973955871402 35.00700000000001
9.75 0.271571784930746 37.45133333333333
9.850000000000001 0.2826684039501508 40.047999999999995
9.950000000000001 0.29447536434874905 42.80833333333335
10.05 0.2983343907395628 45.66133333333332
10.15 0.3032493140547879 48.61933333333334
10.25 0.3026221183466954 51.629666666666644
10.350000000000001 0.3181976738525518 54.857000000000006
10.450000000000001 0.3230659351162642 58.19733333333335
10.55 0.32838919108353437 61.65800000000002
10.65 0.3347291024878261 65.25266666666667
10.75 0.34939886729329067 69.07566666666668
10.850000000000001 0.3551895713420528 73.03466666666667
10.950000000000001 0.36200335544596485 77.14433333333332
11.05 0.3734150207050401 81.46133333333333
11.15 0.3734301340759656 85.85700000000003
11.25 0.3856529390762197 90.47833333333332
11.350000000000001 0.39539390272065006 95.30099999999997
11.450000000000001 0.39133728823766706 100.15866666666662
11.55 0.4005037960070959 105.2173333333333
11.65 0.4056158516756972 110.42966666666669
11.75 0.41342908698772074 115.83400000000003
11.850000000000001 0.4219999939145311 121.44466666666668
11.950000000000001 0.42638137095277123 127.20966666666665
12.05 0.4320387906798591 133.14933333333337
12.15 0.433732593950374 139.21166666666673
12.25 0.44361883086102827 145.51466666666667
12.350000000000001 0.4428576511894292 151.91000000000005
12.450000000000001 0.4509670942978419 158.5283333333333
12.55 0.45357708375633193 165.2923333333333
12.65 0.45921658086348205 172.24999999999997
12.75 0.4747377492494939 179.557
12.850000000000001 0.4769507512728124 187.01366666666672
12.950000000000001 0.47782145246553576 194.60066666666665
13.05 0.49254281619723084 202.54266666666663
13.15 0.5008993501752091 210.74366666666663
13.25 0.49801949843137805 219.02200000000002
13.350000000000001 0.5096292082655277 227.62166666666667
13.450000000000001 0.5120628763881263 236.39233333333334
13.55 0.5107645526317033 245.27133333333333
13.65 0.5182731732516332 254.41433333333345
13.75 0.5308358012473386 263.91666666666663
13.850000000000001 0.5367060501137756 273.6643333333334
13.950000000000001 0.5409429165426464 283.63133333333326
14.05 0.5493925064756624 293.89966666666675
14.15 0.5567587996106858 304.4543333333333
14.25 0.5542600044083412 315.11066666666676
14.350000000000001 0.5701383222436779 326.2266666666665
14.450000000000001 0.5663716490602133 337.4236666666667
14.55 0.5808141038042787 349.0656666666667
14.65 0.5838367887644451 360.9296666666664
14.75 0.593812073122017 373.1616666666666
14.850000000000001 0.5953246086114231 385.5916666666666
14.950000000000001 0.6023040822008981 398.3373333333332
15.05 0.6057043098300299 411.327
15.15 0.6123217560211603 424.6336666666668
15.25 0.6090105123817625 438.04366666666675
15.350000000000001 0.6109030999543233 451.67233333333337
15.450000000000001 0.6227987679883831 465.74800000000005
15.55 0.6307280778477066 480.1880000000003
15.65 0.6272213300875433 494.73300000000006
15.75 0.6265767792540152 509.4493333333332
15.850000000000001 0.6372777184738307 524.6076666666667
15.950000000000001 0.6464717567153738 540.1793333333334
16.05 0.657724907489635 556.2213333333331
16.150000000000002 0.6607003101398425 572.5373333333333
16.25 0.6661926945524687 589.1933333333335
16.35 0.6712382932688603 606.1826666666666
16.45 0.6820579845056008 623.6576666666664
16.55 0.6915782373730402 641.5926666666668
16.650000000000002 0.6970622080740506 659.8889999999998
16.75 0.6963305753331862 678.3863333333336
16.85 0.699510295528623 697.1906666666664
16.95 0.7098210516631595 716.499333333333
17.05 0.716621075876936 736.2236666666665
17.150000000000002 0.7175290447695768 756.2053333333332
17.25 0.7211009106618198 776.5213333333334
17.35 0.7292328565554537 797.3053333333337
17.45 0.7347614082084862 818.4890000000003
17.55 0.7414771750033216 840.1119999999997
17.650000000000002 0.7455981433876322 862.1036666666664
17.75 0.7479815214263037 884.4163333333333
17.85 0.7529277426812303 907.1303333333328
17.95 0.7592473471474865 930.2923333333331
18.05 0.7677367571717109 953.9749999999999
18.150000000000002 0.7707781670502978 978.0156666666663
18.25 0.7746794689128828 1002.4449999999997
18.35 0.7881005612642306 1027.5706666666667
18.45 0.7927258552275066 1053.1200000000001
18.55 0.796898939040397 1079.083
18.650000000000002 0.8005626715867024 1105.4473333333337
18.75 0.8052447272495805 1132.251
18.85 0.807583023856455 1159.4200000000005
18.95 0.8158468086974223 1187.1589999999997
19.05 0.8168305579380387 1215.225333333333
19.150000000000002 0.8273110557545761 1243.951
19.25 0.8230702600720713 1272.8286666666663
19.35 0.8375464958319507 1302.5203333333336
19.450000000000003 0.8366247207777973 1332.4866666666667
19.55 0.8419232000920787 1362.9536666666668
19.650000000000002 0.8473898853342832 1393.9330000000007
19.75 0.8440021905308184 1425.1033333333337
19.85 0.8529877332111204 1456.9253333333336
19.950000000000003 0.8527374469371514 1489.0593333333336
20.05 0.860699387367165 1521.8193333333336
20.150000000000002 0.8698316673672865 1555.2580000000005
20.25 0.8651426081716279 1588.847333333334
20.35 0.8770300458526455 1623.2353333333333
20.450000000000003 0.8824145601440471 1658.1753333333336
20.55 0.8854687841279995 1693.58
20.650000000000002 0.8970502293520398 1729.7976666666661
20.75 0.8914583750961947 1766.139000000001
20.85 0.9021535092920908 1803.271666666667
20.950000000000003 0.9004680132165587 1840.6913333333334
21.05 0.9107155543359414 1878.8990000000017
21.150000000000002 0.9185808792523267 1917.803666666667
21.25 0.9169102106630718 1957.005666666667
21.35 0.9251939015586694 1996.9350000000004
21.450000000000003 0.9269862336317657 2037.3173333333343
21.55 0.9316165951526013 2078.280666666667
21.650000000000002 0.9369557755273437 2119.8619999999996
21.75 0.9447325772130052 2162.176666666666
21.85 0.9464730069417706 2204.9599999999996
21.950000000000003 0.9492751796861127 2248.2636666666667
22.05 0.9526900777268634 2292.120000000001
22.150000000000002 0.9550790769724583 2336.4859999999994
22.25 0.9517545063973573 2381.0976666666675
22.35 0.9617011300086759 2426.5816666666674
22.450000000000003 0.9675982502601628 2472.7550000000006
22.55 0.9660281686548815 2519.264999999999
22.650000000000002 0.9716947741017355 2566.4636666666665
22.75 0.9762179034142157 2614.3016666666663
22.85 0.9868417048215161 2663.086333333334
22.950000000000003 0.9856131553322851 2712.237666666666
23.05 0.9887156078097178 2761.974333333333
23.150000000000002 0.9926868932656829 2812.345000000001
23.25 0.9984616793904273 2863.447333333333
23.35 0.9947578269457882 2914.798999999999
23.450000000000003 1.0010809501980018 2966.9206666666682
23.55 1.0090955874117657 3019.908666666667
23.650000000000002 1.0048791261603238 3073.124333333333
23.75 1.0119823599367095 3127.170333333332
23.85 1.0155025309677315 3181.862
23.950000000000003 1.0208866680633224 3237.305666666665
24.05 1.019548295227941 3293.1400000000012
24.150000000000002 1.02356343359475 3349.6613333333335
24.25 1.027316162206099 3406.8606666666687
24.35 1.0299278117331465 3464.679333333331
24.450000000000003 1.0333281677385135 3523.166333333333
24.55 1.0366799461397544 3582.3239999999987
24.650000000000002 1.0346245033411605 3641.846333333333
24.75 1.0358960607931187 3701.926333333332
24.85 1.0383736375056236 3762.6376666666665
24.950000000000003 1.042361843657208 3824.0736666666667
25.05 1.0415349846007866 3885.954000000001
25.150000000000002 1.0491429723225962 3948.784999999999
25.25 1.052301924864474 4012.3073333333323
25.35 1.04831672706301 4076.0913333333347
25.450000000000003 1.0535312447865866 4140.699333333334
25.55 1.0523546702100135 4205.743333333333
25.650000000000002 1.0504740938720643 4271.180333333334
25.75 1.0551695134275771 4337.423333333334
25.85 1.0579801931460182 4404.359666666666
25.950000000000003 1.0627134131673208 4472.116666666665
26.05 1.0614389680653715 4540.315
26.150000000000002 1.0635353957913203 4609.173666666666
26.25 1.0618547084358734 4678.450333333333
26.35 1.0651430508027706 4748.472000000001
26.450000000000003 1.0677374649255584 4819.198000000001
26.55 1.0673908439269764 4890.436666666668
26.650000000000002 1.0733147691676805 4962.611333333334
26.75 1.0701118659707058 5035.111666666665
26.85 1.0693294716079795 5108.101666666666
26.950000000000003 1.0718883647896238 5181.812333333336
27.05 1.0758237115882392 5256.343666666666
27.150000000000002 1.070735969786806 5331.072000000002
27.25 1.0743131843346008 5406.603333333335
27.35 1.073912541540644 5482.661666666669
27.450000000000003 1.0794183611918233 5559.669999999999
27.55 1.07715337926374 5637.077666666665
27.650000000000002 1.0793274371168502 5715.205666666668
27.75 1.0770761455441522 5793.735666666669
27.85 1.0791323202507903 5872.983666666666
27.950000000000003 1.0808296021455954 5952.927333333337
28.05 1.075271259884912 6033.03
28.150000000000002 1.0823998607932028 6114.2396666666655
28.25 1.0833350517198916 6196.097999999999
28.35 1.0825875028009049 6278.479999999999
28.450000000000003 1.0834069375881545 6361.5070000000005
28.55 1.0863565870821383 6445.346333333336
28.650000000000002 1.0816813320457477 6529.410666666667
28.75 1.080213655861741 6613.948
28.85 1.0839430046864567 6699.368333333335
28.950000000000003 1.0820208494607648 6785.229333333336
29.05 1.0816179612770633 6871.6523333333325
29.150000000000002 1.080544638252831 6958.585000000001
29.25 1.0806787068630828 7046.126000000005
29.35 1.079903082703075 7134.203333333334
29.450000000000003 1.0778749860803618 7222.715333333334
29.55 1.078075123754991 7311.846000000001
29.650000000000002 1.0770186122376488 7401.4929999999995
29.75 1.0790466396848906 7491.915666666666
29.85 1.0771472530166393 7582.787000000002
29.950000000000003 1.0774745166981323 7674.296000000002
30.05 1.076097107022776 7766.299333333332
30.150000000000002 1.0756553597696483 7858.877999999998
30.25 1.0781584055099478 7952.288666666666
30.35 1.0725444234323693 8045.828333333333
30.450000000000003 1.0732344759779506 8140.0459999999985
30.55 1.0721271410364512 8234.785666666668
30.650000000000002 1.0739007941612324 8330.304333333332
30.75 1.0727134098173867 8426.340999999997
30.85 1.0747186179566677 8523.184000000001
30.950000000000003 1.070791379511481 8620.299666666668
31.05 1.075437282674412 8718.468000000003
31.150000000000002 1.0704084080896088 8816.80766666667
31.25 1.068630301338182 8915.615333333335
31.35 1.0661043994468546 9014.821333333339
31.450000000000003 1.067764116867593 9114.81666666667
31.55 1.0663644698148056 9215.317
31.650000000000002 1.069684704032871 9316.770333333332
31.75 1.0712307251816768 9419.013333333338
31.85 1.0678566949887174 9521.57733333333
31.950000000000003 1.0675698769702056 9624.75866666667
32.050000000000004 1.061802631429029 9728.026000000009
32.15 1.0677623829717444 9832.521999999997
32.25 1.06244393505761 9937.145333333336
32.35 1.0636466063594638 10042.537666666669
32.45 1.0631960984563933 10148.537666666665
32.550000000000004 1.063900691135923 10255.26266666667
32.65 1.0577998871617218 10362.028666666665
32.75 1.059208001543891 10469.592666666664
32.85 1.0597017900696535 10577.865
32.95 1.0563372271190834 10686.45166666667
33.050000000000004 1.0540446484339479 10795.461333333336
33.15 1.055396638554055 10905.272333333332
33.25 1.0520672300868081 11015.39833333333
33.35 1.0554091514764221 11126.539666666666
33.45 1.0543785553643283 11238.239333333331
33.550000000000004 1.0531350446118093 11350.475333333334
33.65 1.0524255580516562 11463.30533333333
33.75 1.050840558041676 11576.636
33.85 1.0531303702854768 11690.88766666667
33.95 1.052351082284474 11805.73033333333
34.050000000000004 1.051499001001221 11921.156999999997
34.15 1.0494343373774253 12037.034666666666
34.25 1.0501009110956456 12153.666000000007
34.35 1.052266641273132 12271.221333333333
34.45 1.0465433012674465 12388.819000000003
34.550000000000004 1.0431601060617595 12506.717999999999
34.65 1.0446045255634813 12625.464666666667
34.75 1.0451229367837436 12744.957000000002
34.85 1.0440644766930447 12865.016333333338
34.95 1.041692490725507 12985.491333333333
35.050000000000004 1.0436205797068812 13106.881
35.15 1.041973696193102 13228.771666666667
35.25 1.0416886756924588 13351.32333333333
35.35 1.0392039553257169 13474.277333333332
35.45 1.0389970285339563 13597.903333333328
35.550000000000004 1.0398512666436985 13722.33
35.65 1.0397543672564566 13847.445999999998
35.75 1.038691930124867 13973.136333333328
35.85 1.0401151616597621 14099.704000000003
35.95 1.0377772567734085 14226.69266666667
36.050000000000004 1.0423381763114024 14354.949999999997
36.15 1.0384598351643237 14483.439999999999
36.25 1.0367275867938148 14612.426333333331
36.35 1.037628463628755 14742.237999999996
36.45 1.0365058775777691 14872.623666666674
36.550000000000004 1.037037671033204 15003.792999999994
36.65 1.0381222352698176 15135.819000000003
36.75 1.0398678383164863 15268.789666666666
36.85 1.038042880025357 15402.250333333339
36.95 1.0393425448198714 15536.604333333338
37.050000000000004 1.0400052352875386 15671.772666666664
37.15 1.0385998946896475 15807.488000000003
37.25 1.0385520628625473 15943.928666666667
37.35 1.0404936555714537 16081.359333333336
37.45 1.038546537557219 16219.268333333333
37.550000000000004 1.0403606666458283 16358.157000000008
37.65 1.0426699065869516 16498.09633333334
37.75 1.0405970005196752 16638.500333333326
37.85 1.041241978861581 16779.736666666664
37.95 1.043689323292588 16922.054
38.050000000000004 1.0423445078441032 17064.938000000002
38.15 1.0433192039788721 17208.70833333333
38.25 1.043256412209572 17353.224666666665
38.35 1.0438527400752953 17498.58066666667
38.45 1.0421164690763318 17644.452666666664
38.550000000000004 1.0461384688853075 17791.65033333333
38.650000000000006 1.0456459410666197 17939.543
38.75 1.045824496464947 18088.22733333334
38.85 1.0484458832779542 18238.054666666663
38.95 1.0488104212033438 18388.70666666666
39.050000000000004 1.0492567543805473 18540.19766666666
39.150000000000006 1.0514489079687075 18692.783666666663
39.25 1.0508765222570937 18846.06666666666
39.35 1.0526064093228724 19000.385333333335
39.45 1.0543821869674659 19155.751000000004
39.550000000000004 1.0541594335392726 19311.872333333344
39.650000000000006 1.0550407263209305 19468.915333333334
39.75 1.0560312786182418 19626.899666666664
39.85 1.0560187139454025 19785.677999999996
39.95 1.0557834827160644 19945.218666666664
40.050000000000004 1.0536673930840337 20105.237666666668
40.150000000000006 1.0553899259758854 20266.319666666666
40.25 1.0580385275289061 20428.61133333333
40.35 1.0552117590501604 20591.27466666666
40.45 1.0568066276001917 20754.992333333335
40.550000000000004 1.0570390520052262 20919.55666666667
40.650000000000006 1.058183196700806 21085.11266666666
40.75 1.058012239807738 21251.45733333334
40.85 1.0588872586842428 21418.75766666667
40.95 1.0584247596310048 21586.804666666667
41.050000000000004 1.0618401906668358 21756.21833333334
41.150000000000006 1.0627399861437208 21926.602666666666
41.25 1.0622757822989473 22097.741333333328
41.35 1.062894923657804 22269.810999999998
41.45 1.0650489622761665 22443.064333333336
41.550000000000004 1.0662930915335627 22617.358000000004
41.650000000000006 1.066390702505474 22792.507666666672
41.75 1.068818082840058 22968.900000000005
41.85 1.0711980519187045 23146.532999999985
41.95 1.070036223684345 23324.82233333333
42.050000000000004 1.0721565717104589 23504.317666666662
42.150000000000006 1.0728081005930235 23684.777333333324
42.25 1.0741849948703395 23866.327
42.35 1.0760001923817226 24049.04533333334
42.45 1.07609837694491 24232.644333333337
42.550000000000004 1.0770296278810616 24417.269000000008
42.650000000000006 1.0774951743966703 24602.842666666664
42.75 1.0762339517532233 24789.069333333322
42.85 1.0776497740699393 24976.412999999993
42.95 1.0811582302454321 25164.991333333335
43.050000000000004 1.0816688361796298 25354.09799999999
43.150000000000006 1.079913444940303 25543.336333333344
43.25 1.0821477814162603 25733.40566666667
43.35 1.083146757438124 25924.090333333323
43.45 1.0837840996795147 26115.32733333333
43.550000000000004 1.0838436695778557 26307.015
43.650000000000006 1.083218493228307 26499.032000000003
43.75 1.0873502706635858 26692.223000000013
43.85 1.0876727178161834 26885.912999999993
43.95 1.0901022016922821 27080.478333333336
44.050000000000004 1.088818186826178 27275.256666666664
44.150000000000006 1.086602989388854 27470.08
44.25 1.0852659085427214 27665.104333333325
44.35 1.0868053573832799 27860.846666666675
44.45 1.0862364740156654 28056.92766666667
44.550000000000004 1.0846512791862009 28253.163000000004
44.650000000000006 1.0890973151971464 28450.64499999999
44.75 1.0857739918963014 28647.96533333334
44.85 1.0889843362015161 28846.311333333342
44.95 1.0877504295564067 29044.87433333334
45.050000000000004 1.0867297070421327 29243.69233333334
45.150000000000006 1.0897075392996252 29443.497666666684
45.25 1.0885085040276226 29643.496333333344
45.35 1.0871260623992662 29843.31366666667
45.45 1.0877075921435946 30043.21066666666
45.550000000000004 1.0916455959258287 30243.801999999996
45.650000000000006 1.0859637663252777 30443.318000000007
45.75 1.0867078349013946 30642.937333333342
45.85 1.0878009462187865 30842.722
45.95 1.089295963600043 31042.743666666647
46.050000000000004 1.0886639504677655 31242.609666666674
46.150000000000006 1.089748168523003 31442.632999999983
46.25 1.0922209510561927 31643.066333333347
46.35 1.0883344252050058 31842.740666666665
46.45 1.0894730176467717 32042.576000000005
46.550000000000004 1.0887620532485998 32242.23099999998
46.650000000000006 1.0905311041978722 32442.158333333336
46.75 1.090026250242076 32641.938999999988
46.85 1.089161262454331 32841.505000000005
46.95 1.0919028587404678 33041.515000000014
47.050000000000004 1.0887523313442184 33240.88766666667
47.150000000000006 1.0868748101449992 33439.85433333334
47.25 1.0884917832791703 33639.05266666669
47.35 1.0879036362474752 33838.077000000005
47.45 1.0852648952289936 34036.55033333333
47.550000000000004 1.0861637037061338 34235.117666666665
47.650000000000006 1.0860292619095344 34433.58799999999
47.75 1.086422363688177 34632.05566666667
47.85 1.0842477571715678 34830.049666666666
47.95 1.0851103903897026 35028.122666666655
48.050000000000004 1.0812625577566484 35225.41299999999
48.150000000000006 1.0825017280923264 35422.846999999994
48.25 1.0770356476872276 35619.19999999999
48.35 1.0803324120782896 35816.06766666668
48.45 1.0784643672909662 36012.506666666675
48.550000000000004 1.0771715782889055 36208.62
48.650000000000006 1.0809278766091814 36405.32466666668
48.75 1.0764815870660973 36601.126000000004
48.85 1.0763600986460429 36796.808999999994
48.95 1.076095614098335 36992.34566666667
49.050000000000004 1.0746344057255797 37187.51666666666
49.150000000000006 1.0726852457533351 37382.23166666668
49.25 1.071737368776667 37576.67066666667
49.35 1.0705000145997856 37770.779333333325
49.45 1.0679757485563772 37964.32266666665
49.550000000000004 1.0666321363617708 38157.51299999999
49.650000000000006 1.0661286358653128 38350.50066666668
49.75 1.0650184602987625 38543.17400000001
49.85 1.0631898852315431 38735.401333333335
49.95 1.0606009762289081 38927.043666666665
50.050000000000004 1.0572613347867401 39117.964000000014
