0.05 0.0 0.0
0.15000000000000002 0.0 0.0
0.25 0.0 0.0
0.35000000000000003 0.0 0.0
0.45 0.0 0.0
0.55 0.0 0.0
0.65 0.0 0.0
0.75 0.0 0.0
0.8500000000000001 0.0 0.0
0.9500000000000001 0.0 0.0
1.05 0.0 0.0
1.1500000000000001 0.0 0.0
1.25 0.0 0.0
1.35 0.0 0.0
1.4500000000000002 0.0 0.0
1.55 0.0 0.0
1.6500000000000001 0.0 0.0
1.75 0.0 0.0
1.85 0.0 0.0
1.9500000000000002 0.0014615688023383762 0.0005263157894736842
2.0500000000000003 0.00396744647930552 0.002105263157894737
2.15 0.002404686378468763 0.003157894736842105
2.25 0.005489302183897581 0.005789473684210527
2.35 0.012077127363679583 0.012105263157894732
2.45 0.011111493637766262 0.018421052631578942
2.5500000000000003 0.020514402912985202 0.031052631578947373
2.6500000000000004 0.0213699810601036 0.045263157894736866
2.75 0.031603768245538906 0.06789473684210527
2.85 0.04721700871534587 0.10421052631578942
2.95 0.0510961318565481 0.14631578947368412
3.0500000000000003 0.054373396745107855 0.1942105263157895
3.1500000000000004 0.05545762524129681 0.2463157894736841
3.25 0.07630459151242427 0.3226315789473684
3.35 0.09658204653290091 0.42526315789473673
3.45 0.1022725709211737 0.540526315789474
3.5500000000000003 0.10761877832483842 0.6689473684210526
3.6500000000000004 0.11932647010054348 0.8194736842105261
3.75 0.12134831738912129 0.9810526315789475
3.85 0.14175212532290002 1.18
3.95 0.1531915192247977 1.4063157894736844
4.05 0.16571445878802973 1.6636842105263163
4.15 0.1746078288903106 1.9484210526315797
4.25 0.19695442004420988 2.2852631578947378
4.3500000000000005 0.18183465776761445 2.6110526315789473
4.45 0.1841404481190146 2.956315789473685
4.55 0.19654158791477 3.3415789473684216
4.65 0.19589167606639216 3.7426315789473694
4.75 0.20867182049600674 4.188421052631579
4.8500000000000005 0.2207149076433601 4.680000000000001
4.95 0.21392925496808685 5.176315789473684
5.050000000000001 0.2057589339006502 5.673157894736843
5.15 0.21754690255119724 6.219473684210526
5.25 0.2117586774267128 6.772105263157897
5.3500000000000005 0.20216881956565458 7.319999999999999
5.45 0.20735677295956043 7.9031578947368395
5.550000000000001 0.21853956868302699 8.540526315789469
5.65 0.2098275299341174 9.174736842105263
5.75 0.20696412483811025 9.822631578947368
5.8500000000000005 0.22463815669585713 10.55052631578947
5.95 0.22437358581639205 11.302631578947375
6.050000000000001 0.21868828021073178 12.060526315789476
6.15 0.21883589099885314 12.844210526315791
6.25 0.22455428837551317 13.674736842105261
6.3500000000000005 0.22718750150577882 14.542105263157893
6.45 0.24170970725693194 15.494210526315797
6.550000000000001 0.2316648439282835 16.43526315789473
6.65 0.24008528730112613 17.440526315789477
6.75 0.22765636889834345 18.42263157894738
6.8500000000000005 0.2326677990204823 19.45631578947369
6.95 0.22648093346388717 20.4921052631579
7.050000000000001 0.23598293255433284 21.602631578947367
7.15 0.23616977293686497 22.74578947368421
7.25 0.23995800988452534 23.940000000000005
7.3500000000000005 0.24005845980693782 25.1678947368421
7.45 0.23936601455100182 26.42578947368421
7.550000000000001 0.23930840936265005 27.717368421052633
7.65 0.24078673798437128 29.051578947368434
7.75 0.25386336419962 30.495263157894744
7.8500000000000005 0.24617389838613146 31.931578947368422
7.95 0.25400417752311777 33.45157894736841
8.05 0.2610287001982094 35.05315789473685
8.15 0.26269651030693675 36.70526315789474
8.25 0.2614304158431531 38.39000000000001
8.35 0.26612878097128995 40.14684210526317
8.450000000000001 0.2842346371626911 42.06842105263158
8.55 0.278917523720802 43.99894736842106
8.65 0.2961310158962809 46.09684210526316
8.75 0.2977505622457497 48.25526315789476
8.85 0.3058931572093225 50.52368421052633
8.950000000000001 0.301455270902808 52.81000000000002
9.05 0.30630029163043776 55.185263157894745
9.15 0.31351846623307983 57.67052631578947
9.25 0.3191851831796619 60.25631578947368
9.35 0.32600150866591276 62.95473684210525
9.450000000000001 0.31963654838597333 65.65736842105264
9.55 0.33619960597675447 68.56052631578946
9.65 0.3379831162843643 71.54052631578948
9.75 0.33857055016235593 74.5878947368421
9.850000000000001 0.3390072858941372 77.70210526315789
9.950000000000001 0.34014422817446155 80.89052631578944
10.05 0.3493143649388462 84.23105263157893
10.15 0.36037902006546574 87.74631578947368
10.25 0.35682069936827765 91.29578947368418
10.350000000000001 0.35701627481907106 94.91684210526313
10.450000000000001 0.3545429710373656 98.58263157894744
10.55 0.37317483231749826 102.51526315789474
10.65 0.3641414031730073 106.4257894736842
10.75 0.3722136700463242 110.49842105263156
10.850000000000001 0.37397819824637507 114.66684210526316
10.950000000000001 0.3753846731556293 118.92842105263155
11.05 0.37859128685650534 123.30526315789474
11.15 0.38578127543562796 127.8463157894737
11.25 0.38281854750527655 132.4336842105263
11.350000000000001 0.3913348482793505 137.20684210526318
11.450000000000001 0.4017861593364943 142.19421052631583
11.55 0.4029428433456515 147.28368421052627
11.65 0.4062943742025068 152.50473684210525
11.75 0.40641394372164497 157.81736842105266
11.850000000000001 0.42127688505963956 163.41842105263154
11.950000000000001 0.41775915214909776 169.06684210526322
12.05 0.417974856818361 174.81315789473683
12.15 0.43044024633964023 180.82947368421046
12.25 0.43488773719352275 187.0084210526316
12.350000000000001 0.43374134430303357 193.27210526315787
12.450000000000001 0.44114669991314004 199.74631578947378
12.55 0.43922677389177645 206.29631578947368
12.65 0.45085986199954625 213.12736842105275
12.75 0.4512014147462832 220.0721052631579
12.850000000000001 0.4581097209599628 227.2342105263158
12.950000000000001 0.4576913845458725 234.50157894736844
13.05 0.46842780919869464 242.05473684210523
13.15 0.4688206266857861 249.73052631578952
13.25 0.46864166210353503 257.5205263157894
13.350000000000001 0.4774917968670935 265.57789473684204
13.450000000000001 0.4734293380153865 273.6868421052632
13.55 0.4890534032791687 282.18842105263155
13.65 0.4900886739354569 290.83421052631587
13.75 0.49836329199711205 299.7552631578946
13.850000000000001 0.5026973536441648 308.88526315789466
13.950000000000001 0.5112268051603842 318.3047368421052
14.05 0.5174358557560015 327.97578947368413
14.15 0.5228636774820508 337.8878947368422
14.25 0.5320854432510242 348.11789473684206
14.350000000000001 0.5491256676521702 358.8242105263159
14.450000000000001 0.5543836093328512 369.7842105263156
14.55 0.5578176484967355 380.96526315789464
14.65 0.5566776138745353 392.2773684210526
14.75 0.5612148543133242 403.8378947368421
14.850000000000001 0.5760409008759898 415.8652631578948
14.950000000000001 0.5878844928781838 428.3057894736843
15.05 0.5944060143926815 441.0531578947367
15.15 0.5961757335546182 454.008947368421
15.25 0.6068353894716508 467.37105263157923
15.350000000000001 0.6090990958668411 480.9594736842107
15.450000000000001 0.6085288885872887 494.71263157894725
15.55 0.616382899229214 508.8242105263158
15.65 0.6174506082767315 523.1426315789474
15.75 0.6265984412176266 537.8594736842105
15.850000000000001 0.6396711286141019 553.0747368421053
15.950000000000001 0.6425350297032602 568.5515789473687
16.05 0.6515791961118358 584.4436842105267
16.150000000000002 0.658070330582441 600.6947368421053
16.25 0.6586058648619922 617.161052631579
16.35 0.6691436021497077 634.0973684210526
16.45 0.6772202567636815 651.4484210526318
16.55 0.683409551019024 669.1715789473684
16.650000000000002 0.6867147987635914 687.196315789474
16.75 0.6886047816955564 705.4884210526319
16.85 0.698937946556075 724.2773684210526
16.95 0.704897552254298 743.452105263158
17.05 0.7030208617892637 762.8021052631581
17.150000000000002 0.7169211054495839 782.7668421052632
17.25 0.7168528109767262 802.9631578947368
17.35 0.7229801154481825 823.5689473684209
17.45 0.7304537398470565 844.6284210526312
17.55 0.7255101404683256 865.7857894736844
17.650000000000002 0.7398493900274342 887.6078947368419
17.75 0.7366708343804191 909.5831578947368
17.85 0.7539989522621657 932.3294736842103
17.95 0.7465011535165269 955.1026315789472
18.05 0.7542225719330327 978.3684210526314
18.150000000000002 0.7590796822326773 1002.0442105263159
18.25 0.7609146539508282 1026.0394736842106
18.35 0.7667257665647533 1050.4836842105262
18.45 0.7695087539626926 1075.284736842105
18.55 0.7768721475795051 1100.5952631578944
18.650000000000002 0.7797187113113083 1126.2731578947366
18.75 0.7762464953707631 1152.111578947368
18.85 0.7825972942342433 1178.4400000000003
18.95 0.7852417755885054 1205.1384210526317
19.05 0.7960286520765776 1232.4900000000005
19.150000000000002 0.7935120029772805 1260.0421052631582
19.25 0.7964949274000978 1287.9873684210522
19.35 0.8016751527884606 1316.4073684210525
19.450000000000003 0.7981844215698776 1344.9968421052629
19.55 0.8075800323786522 1374.2210526315791
19.650000000000002 0.8160956839921208 1404.0563157894737
19.75 0.8189824763440453 1434.3026315789475
19.85 0.819921687392104 1464.8910526315794
19.950000000000003 0.8254239709463125 1495.9957894736847
20.05 0.8264063714833761 1527.4505263157887
20.150000000000002 0.8292590796100616 1559.329473684211
20.25 0.8340893444377508 1591.713157894737
20.35 0.8402882411608644 1624.6605263157894
20.450000000000003 0.8452097525966249 1658.1273684210526
20.55 0.8561299241900675 1692.358947368421
20.650000000000002 0.8549758309618628 1726.8778947368426
20.75 0.865268781460195 1762.1515789473683
20.85 0.8611573424749921 1797.5968421052632
20.950000000000003 0.8706872974186888 1833.7789473684213
21.05 0.8713164223610186 1870.333684210526
21.150000000000002 0.8817492641123037 1907.6784210526314
21.25 0.8801051853039947 1945.3068421052644
21.35 0.8839653557400554 1983.4568421052631
21.450000000000003 0.8906633890623588 2022.256842105264
21.55 0.8999045004754076 2061.825789473684
21.650000000000002 0.9009913884059398 2101.81105263158
21.75 0.9079779012533782 2142.4794736842105
21.85 0.9074055011993483 2183.496842105262
21.950000000000003 0.9162089263627924 2225.2921052631577
22.05 0.920036633706609 2267.645263157895
22.150000000000002 0.9254688768932153 2310.6357894736843
22.25 0.9270610981513171 2354.09
22.35 0.9293000426380646 2398.0415789473686
22.450000000000003 0.9391057413330218 2442.855263157894
22.55 0.9294723833004941 2487.6052631578946
22.650000000000002 0.9355643619162538 2533.0489473684215
22.75 0.9411161526375995 2579.1668421052627
22.85 0.9506447165080409 2626.1621052631585
22.950000000000003 0.9525523606774999 2673.664736842105
23.05 0.9567138920461282 2721.791578947368
23.150000000000002 0.9602183858453259 2770.514736842106
23.25 0.9665786582267893 2819.985263157894
23.35 0.9661067270820474 2869.8578947368424
23.450000000000003 0.9718144445593907 2920.4557894736845
23.55 0.9707553034053824 2971.430526315791
23.650000000000002 0.9716371722322643 3022.8857894736843
23.75 0.9839114325002011 3075.432631578947
23.85 0.985782690582529 3128.523684210526
23.950000000000003 0.987074827861518 3182.1310526315774
24.05 0.9962113888779621 3236.687368421052
24.150000000000002 0.9957748267520617 3291.6742105263183
24.25 0.9986294954986703 3347.2763157894738
24.35 1.003156958859702 3403.5921052631566
24.450000000000003 1.0044527095010247 3460.4447368421033
24.55 1.0012577593536292 3517.5810526315768
24.650000000000002 1.009773251975159 3575.6736842105265
24.75 1.0112582287353953 3634.324736842107
24.85 1.0132537612093915 3693.567368421052
24.950000000000003 1.0164171883671358 3753.4742105263163
25.05 1.0175312872088444 3813.928421052632
25.150000000000002 1.0152208390237656 3874.7278947368422
25.25 1.0240925944996262 3936.547368421054
25.35 1.0174389010043043 3998.4526315789462
25.450000000000003 1.0235427076367687 4061.221578947367
25.55 1.0231930840157188 4124.463157894737
25.650000000000002 1.0194297148018445 4187.966315789474
25.75 1.028319475642814 4252.523684210526
25.85 1.0250540042867033 4317.376842105265
25.950000000000003 1.0220888941219364 4382.5436842105255
26.05 1.022194474596196 4448.22052631579
26.150000000000002 1.024723522582232 4514.566315789473
26.25 1.0284348579091502 4581.662631578945
26.35 1.0233497894510917 4648.936842105265
26.450000000000003 1.0284428345056964 4717.059999999999
26.55 1.0303705085006176 4785.827894736844
26.650000000000002 1.030166219106969 4855.1010526315795
26.75 1.027061845485437 4924.684736842105
26.85 1.0344616247463958 4995.294736842104
26.950000000000003 1.0329601271648188 5066.328421052632
27.05 1.0317715951410307 5137.807894736843
27.150000000000002 1.0313869699521823 5209.79
27.25 1.0313919211282403 5282.3036842105275
27.35 1.0324393400465361 5355.424736842106
27.450000000000003 1.0322637771355665 5429.068947368425
27.55 1.0323565078276045 5503.257368421056
27.650000000000002 1.0382667627115139 5578.413157894737
27.75 1.0376766428239048 5654.0705263157915
27.85 1.0399493143288399 5730.441052631579
27.950000000000003 1.0453579166733757 5807.761052631581
28.05 1.0431246468285078 5885.468947368424
28.150000000000002 1.0432466887049534 5963.741052631579
28.25 1.0410910387995869 6042.407368421052
28.35 1.0455379893340913 6121.970000000001
28.450000000000003 1.0491413420988713 6202.37105263158
28.55 1.0493405870160633 6283.353684210529
28.650000000000002 1.0498704219245116 6364.945789473684
28.75 1.0481549050103631 6446.9742105263185
28.85 1.0538980065730044 6530.02684210526
28.950000000000003 1.0489976239942664 6613.267368421054
29.05 1.0470181644076875 6696.925789473687
29.150000000000002 1.0511840056067867 6781.496315789472
29.25 1.051824942285353 6866.699999999999
29.35 1.048735138409003 6952.235263157894
29.450000000000003 1.0533605803812223 7038.734210526318
29.55 1.0513233934545243 7125.653157894737
29.650000000000002 1.0559922239927968 7213.5499999999965
29.75 1.0555814579479015 7302.006315789469
29.85 1.0510474150855635 7390.6757894736875
29.950000000000003 1.0547366798720905 7480.2536842105255
30.05 1.0526039922075165 7570.248421052633
30.150000000000002 1.0570012337397126 7661.221578947372
30.25 1.0558926170968392 7752.703157894735
30.35 1.0537798883449572 7844.606315789475
30.450000000000003 1.0636926057762104 7937.986315789477
30.55 1.0595337948967558 8031.61315789474
30.650000000000002 1.0576669265893484 8125.687894736847
30.75 1.060069944108672 8220.592631578947
30.85 1.0622736081590396 8316.314210526318
30.950000000000003 1.0637129203562534 8412.787894736843
31.05 1.0623786917343407 8509.764210526317
31.150000000000002 1.0673700189151893 8607.824736842105
31.25 1.0670958630440228 8706.490526315793
31.35 1.0584043424182212 8804.98
31.450000000000003 1.064267681862518 8904.647894736841
31.55 1.0590284799383771 9004.456842105263
31.650000000000002 1.0554878213533363 9104.563684210521
31.75 1.0590290805671725 9205.642105263158
31.85 1.060083055794956 9307.45947368421
31.950000000000003 1.0636570693584708 9410.262631578948
32.050000000000004 1.059411056489741 9513.297368421052
32.15 1.0624037369677022 9617.268947368422
32.25 1.057899152892798 9721.44473684211
32.35 1.0497435473182235 9825.459473684212
32.45 1.0550030480849717 9930.642631578947
32.550000000000004 1.0562904387534215 10036.604210526317
32.65 1.050805088065229 10142.664210526316
32.75 1.0546647982115627 10249.766842105264
32.85 1.05968410411363 10358.037368421054
32.95 1.0570966981957362 10466.70210526316
33.050000000000004 1.0583328879072798 10576.155263157892
33.15 1.0576026224914008 10686.195789473688
33.25 1.05980339564746 10797.131578947367
33.35 1.056416071211863 10908.378947368417
33.45 1.0569005329259706 11020.345789473684
33.550000000000004 1.0608174322658226 11133.400526315789
33.65 1.0597059430863873 11247.011052631575
33.75 1.0609607486091452 11361.433157894733
33.85 1.0630603525556697 11476.76210526316
33.95 1.0574243992885364 11592.158421052629
34.050000000000004 1.0593493002615062 11708.446842105259
34.15 1.0598274286260865 11825.47210526316
34.25 1.0617082784022183 11943.392631578947
34.35 1.0541410634758368 12061.157368421053
34.45 1.0596695366112767 12180.229999999998
34.550000000000004 1.0573116445387658 12299.728421052632
34.65 1.0561022499176245 12419.782105263155
34.75 1.053821268294913 12540.268947368426
34.85 1.0507389152566624 12661.095789473686
34.95 1.0482934450960242 12782.334210526324
35.050000000000004 1.048265975003309 12904.26421052632
35.15 1.0468630975725508 13026.72684210527
35.25 1.0447389812723171 13149.637368421061
35.35 1.0458249644969122 13273.374736842108
35.45 1.0472094122480629 13397.977894736845
35.550000000000004 1.0449945741134494 13523.019999999995
35.65 1.0442226966955337 13648.673684210533
35.75 1.0454177271694303 13775.177894736838
35.85 1.0441956887837258 13902.242105263154
35.95 1.0450700166941085 14030.123157894739
36.050000000000004 1.0462564964650993 14158.862631578953
36.15 1.0426284603633393 14287.868421052623
36.25 1.0440881032014488 14417.770526315784
36.35 1.047080935812262 14548.764736842106
36.45 1.0444438404383005 14680.14894736843
36.550000000000004 1.0440252750826249 14812.202105263153
36.65 1.043256369316285 14944.88105263158
36.75 1.0423898100010383 15078.174210526317
36.85 1.0412389120694852 15212.045789473696
36.95 1.039152812891773 15346.3752631579
37.050000000000004 1.0394187251922864 15481.467368421052
37.15 1.0412093591793272 15617.523684210533
37.25 1.0404339007965813 15754.211578947368
37.35 1.0355156275790922 15890.984736842103
37.45 1.0398065367874114 16029.061052631585
37.550000000000004 1.0350444370356306 16167.240000000007
37.65 1.0354357645276062 16306.208421052623
37.75 1.0406453699723621 16446.618947368417
37.85 1.0384015593261549 16587.470000000005
37.95 1.037776434536958 16728.98105263158
38.050000000000004 1.0342907835876438 16870.761052631584
38.15 1.0360790357462446 17013.533684210524
38.25 1.0341034148531383 17156.782105263155
38.35 1.03467421506737 17300.860000000004
38.45 1.0366877451263785 17445.972105263154
38.550000000000004 1.033044448923019 17591.327368421054
38.650000000000006 1.0368524689807592 17737.976315789474
38.75 1.0369868857156788 17885.404210526314
38.85 1.0389697774683828 18033.87736842106
38.95 1.0372435590670623 18182.867894736843
39.050000000000004 1.0417841151485312 18333.27999999999
39.150000000000006 1.03713622711157 18483.78894736842
39.25 1.042553228693484 18635.857894736844
39.35 1.039066859630936 18788.19157894736
39.45 1.042363850474931 18941.786315789468
39.550000000000004 1.0442069562972989 19096.433684210522
39.650000000000006 1.0493985288034877 19252.636842105265
39.75 1.0458314628336676 19409.0952631579
39.85 1.0429660322651055 19565.911052631585
39.95 1.0469323245825601 19724.114210526313
40.050000000000004 1.0422374989723464 19882.397368421058
40.150000000000006 1.0443144901754549 20041.788947368426
40.25 1.0502970681425627 20202.893157894734
40.35 1.0448654187977986 20363.96157894737
40.45 1.0490178670149801 20526.472631578934
40.550000000000004 1.0494960068735064 20689.862631578948
40.650000000000006 1.0481704407477868 20853.852105263155
40.75 1.0512941357032548 21019.140526315794
40.85 1.0510435292733373 21185.201578947377
40.95 1.0552613127252803 21352.74631578947
41.050000000000004 1.0538044029107636 21520.877894736845
41.150000000000006 1.052871138436433 21689.680000000004
41.25 1.0550805490050452 21859.659473684213
41.35 1.056934436652275 22030.764210526315
41.45 1.0586611101869823 22202.978421052634
41.550000000000004 1.0609900357250928 22376.405263157892
41.650000000000006 1.058218181276322 22550.21263157894
41.75 1.0612393583022712 22725.354210526326
41.85 1.0612964524275872 22901.34526315791
41.95 1.0627118528713662 23078.41421052632
42.050000000000004 1.0602318141571454 23255.913157894734
42.150000000000006 1.0649941510401677 23435.05842105263
42.25 1.066040528976997 23615.231578947372
42.35 1.070880512005736 23797.080526315804
42.45 1.0703479873387776 23979.698421052653
42.550000000000004 1.0682366269354706 24162.815789473687
42.650000000000006 1.0705857869973734 24347.199473684213
42.75 1.072463302453398 24532.773684210526
42.85 1.0749705320978225 24719.651578947378
42.95 1.0767411478862254 24907.459473684215
43.050000000000004 1.0740804522552223 25095.239473684207
43.150000000000006 1.0787275668560599 25284.26999999999
43.25 1.079691412933126 25473.907894736836
43.35 1.0781933335779532 25663.720526315796
43.45 1.0789720246983927 25854.10842105264
43.550000000000004 1.0791757662296617 26044.970526315803
43.650000000000006 1.082071535286441 26236.78421052632
43.75 1.0814970629441352 26428.93526315789
43.85 1.0815606527408357 26621.536842105263
43.95 1.082806429684575 26814.8
44.050000000000004 1.0821753589345826 27008.39
44.150000000000006 1.0777515957807795 27201.626315789483
44.25 1.0821225935018408 27396.085789473687
44.35 1.0840133677744306 27591.325263157905
44.45 1.0841549920641955 27787.03052631578
44.550000000000004 1.082352698738322 27982.850000000006
44.650000000000006 1.0837745471884201 28179.36684210527
44.75 1.0841764049827347 28376.39684210526
44.85 1.0860877554295636 28574.215263157897
44.95 1.0858599041400794 28772.433157894746
45.050000000000004 1.0813840056796438 28970.273157894742
45.150000000000006 1.0891847355254667 29169.98263157896
45.25 1.0841760203319637 29369.1852631579
45.35 1.0856830627217233 29568.737368421058
45.45 1.0822911675032707 29767.638947368418
45.550000000000004 1.0827934343369392 29966.60368421053
45.650000000000006 1.0838885544379682 30165.738421052636
45.75 1.0820898789679736 30364.509473684207
45.85 1.0835629291836084 30563.515789473695
45.95 1.0856954660760234 30762.87631578948
46.050000000000004 1.0865671539999948 30962.35736842107
46.150000000000006 1.0829342137533393 31161.129999999986
46.25 1.0857984276208332 31360.38473684211
46.35 1.083015169027523 31559.083157894725
46.45 1.0847352610643684 31758.049473684216
46.550000000000004 1.082607093249992 31956.575789473693
46.650000000000006 1.0796306334288461 32154.504736842107
46.75 1.0815082021197806 32352.724210526314
46.85 1.0821025110523284 32550.99684210527
46.95 1.0830847473474223 32749.391578947358
47.050000000000004 1.0806470283476453 32947.27999999999
47.150000000000006 1.0803867777101546 33145.058947368416
47.25 1.082009803807382 33343.07105263157
47.35 1.0821059329307052 33541.03473684212
47.45 1.0796519754660445 33738.481578947365
47.550000000000004 1.0814999992229575 33936.19631578949
47.650000000000006 1.0761692015601143 34132.86473684213
47.75 1.080007446783397 34330.16052631579
47.85 1.0798679782739666 34527.35473684209
47.95 1.0778740855750208 34724.10684210527
48.050000000000004 1.073697550767506 34920.016842105266
48.150000000000006 1.0806040835859592 35117.104736842106
48.25 1.0746721034990576 35313.02684210527
48.35 1.0706408165103802 35508.12842105265
48.45 1.0731069233077024 35703.59157894737
48.550000000000004 1.069680446371255 35898.341052631586
48.650000000000006 1.0752537641222888 36094.01315789474
48.75 1.0701893738691683 36288.67000000002
48.85 1.0733154108608687 36483.799473684216
48.95 1.0722964107887958 36678.64578947369
49.050000000000004 1.0714005761382215 36873.2294736842
49.150000000000006 1.071120979247541 37067.66052631579
49.25 1.073062846862729 37262.340000000026
49.35 1.066498868415639 37455.72315789474
49.45 1.069595335472708 37649.560000000005
49.550000000000004 1.064169026978819 37842.30421052632
49.650000000000006 1.0668916726042459 38035.430000000015
49.75 1.0643861820165372 38227.988947368416
49.85 1.0630474403347454 38420.190526315775
49.95 1.06422903195358 38612.48842105261
50.050000000000004 1.0619257377442384 38804.25105263159
