0.05 0.0 0.0
0.15000000000000002 0.0 0.0
0.25 0.0 0.0
0.35000000000000003 0.0 0.0
0.45 0.0 0.0
0.55 0.0 0.0
0.65 0.0 0.0
0.75 0.0 0.0
0.8500000000000001 0.0 0.0
0.9500000000000001 0.0 0.0
1.05 0.0 0.0
1.1500000000000001 0.0 0.0
1.25 0.0 0.0
1.35 0.0 0.0
1.4500000000000002 0.0 0.0
1.55 0.002092685428036038 0.0004761904761904762
1.6500000000000001 0.009233942433378108 0.002857142857142857
1.75 0.013134504405780059 0.006666666666666668
1.85 0.019099065741949143 0.012857142857142866
1.9500000000000002 0.023802691923796405 0.021428571428571436
2.0500000000000003 0.003589594433657375 0.02285714285714286
2.15 0.004351337256276809 0.02476190476190476
2.25 0.0019866045998867435 0.025714285714285707
2.35 0.0018211541262691429 0.026666666666666658
2.45 0.0 0.026666666666666658
2.5500000000000003 0.0030934417091009426 0.02857142857142856
2.6500000000000004 0.006444914922888388 0.032857142857142835
2.75 0.012634507571029397 0.041904761904761896
2.85 0.013001785008573508 0.05190476190476187
2.95 0.014446822995154969 0.0638095238095238
3.0500000000000003 0.01675872877177839 0.07857142857142861
3.1500000000000004 0.017232143292870483 0.09476190476190474
3.25 0.008094050265521523 0.10285714285714281
3.35 0.009410558380128796 0.1128571428571428
3.45 0.00633783055284507 0.1199999999999999
3.5500000000000003 0.0047886575835408155 0.12571428571428558
3.6500000000000004 0.007172303647401961 0.1347619047619046
3.75 0.005006770967195015 0.14142857142857124
3.85 0.008821560835161587 0.15380952380952367
3.95 0.019339793124725276 0.18238095238095223
4.05 0.01870318996351413 0.21142857142857122
4.15 0.020440842568797905 0.24476190476190446
4.25 0.022831472204529708 0.2838095238095235
4.3500000000000005 0.014617833476971848 0.3099999999999997
4.45 0.012952387792343574 0.334285714285714
4.55 0.01676203628390994 0.3671428571428573
4.65 0.01209479914720631 0.3919047619047622
4.75 0.018500897336380624 0.4314285714285719
4.8500000000000005 0.026084284486453977 0.4895238095238097
4.95 0.027914618736430665 0.5542857142857145
5.050000000000001 0.03175023097266389 0.6309523809523809
5.15 0.022375454423331675 0.6871428571428573
5.25 0.028282508164248044 0.7609523809523812
5.3500000000000005 0.02178810387890228 0.8199999999999997
5.45 0.024890298559225178 0.8899999999999997
5.550000000000001 0.02628730842677751 0.9666666666666668
5.65 0.027728245805164566 1.0504761904761906
5.75 0.03346524474191715 1.1552380952380958
5.8500000000000005 0.03791537527538794 1.2780952380952382
5.95 0.03423661732990966 1.392857142857143
6.050000000000001 0.042869845406389516 1.541428571428571
6.15 0.04534323891974704 1.7038095238095239
6.25 0.04944016198888724 1.8866666666666663
6.3500000000000005 0.054630559047939564 2.0952380952380953
6.45 0.048235049375208686 2.285238095238095
6.550000000000001 0.056151639091064964 2.513333333333334
6.65 0.06038944062780012 2.766190476190477
6.75 0.06302873337870991 3.0380952380952397
6.8500000000000005 0.0624881488155824 3.315714285714285
6.95 0.07788296134312726 3.6719047619047616
7.050000000000001 0.0830760046245778 4.062857142857143
7.15 0.09355765209147178 4.515714285714284
7.25 0.09845787007602157 5.005714285714288
7.3500000000000005 0.1084582288863015 5.560476190476189
7.45 0.11807101857420106 6.180952380952381
7.550000000000001 0.13278658683053876 6.897619047619048
7.65 0.13122843296967346 7.624761904761903
7.75 0.13791202291371465 8.409047619047621
7.8500000000000005 0.15188649030754714 9.295238095238092
7.95 0.164402453246479 10.279047619047622
8.05 0.17609827855100707 11.359523809523813
8.15 0.18437254887589966 12.519047619047617
8.25 0.1885016709882593 13.733809523809528
8.35 0.20190297441915847 15.066666666666665
8.450000000000001 0.20912679001166765 16.480476190476196
8.55 0.22263287412953475 18.021428571428572
8.65 0.21536415219580435 19.547142857142862
8.75 0.2182867970472926 21.129523809523818
8.85 0.23129726983859922 22.844761904761913
8.950000000000001 0.23727078297479295 24.644285714285726
9.05 0.2350651853467231 26.467142857142868
9.15 0.2545246877550031 28.4847619047619
9.25 0.2589850874230874 30.582857142857133
9.35 0.2626221669976684 32.75666666666665
9.450000000000001 0.27303159220038736 35.06523809523809
9.55 0.2712038017687064 37.407142857142865
9.65 0.28672936470976196 39.9352380952381
9.75 0.2904010300763407 42.54904761904763
9.850000000000001 0.2947983152878245 45.25714285714286
9.950000000000001 0.3039395009054401 48.10619047619048
10.05 0.30359768002588977 51.0095238095238
10.15 0.31424318789572603 54.07476190476191
10.25 0.3248483311610287 57.306190476190466
10.350000000000001 0.33090229369858426 60.66238095238097
10.450000000000001 0.332152697058819 64.09666666666668
10.55 0.3541726724430667 67.8290476190476
10.65 0.354115437217542 71.63190476190475
10.75 0.3609188503747068 75.5809523809524
10.850000000000001 0.37591419649487273 79.77095238095238
10.950000000000001 0.38053073944194205 84.09095238095237
11.05 0.3855371999734355 88.54809523809521
11.15 0.3984349728102549 93.23809523809517
11.25 0.40855018822053146 98.1338095238095
11.350000000000001 0.41598424439043064 103.2076190476191
11.450000000000001 0.413813738539933 108.34428571428562
11.55 0.4182156609220115 113.62666666666665
11.65 0.43404183033623894 119.20428571428567
11.75 0.44453526257687004 125.01523809523809
11.850000000000001 0.4527159087350347 131.0342857142857
11.950000000000001 0.4674645799079945 137.35476190476197
12.05 0.47584431596769966 143.89666666666665
12.15 0.4847377127089146 150.67190476190473
12.25 0.48446395141362486 157.55523809523814
12.350000000000001 0.4965339690853769 164.7257142857143
12.450000000000001 0.5047482907434059 172.13333333333335
12.55 0.5036339278677642 179.64380952380955
12.65 0.5267864234624924 187.6252380952381
12.75 0.5308070906484693 195.79523809523818
12.850000000000001 0.5308624205845742 204.09476190476192
12.950000000000001 0.543508519148224 212.72476190476195
13.05 0.5551154990382265 221.67571428571432
13.15 0.5641265464721703 230.9119047619047
13.25 0.5734908878079755 240.44476190476195
13.350000000000001 0.5818633416149529 250.26333333333332
13.450000000000001 0.5896185055400791 260.36238095238093
13.55 0.5906996612097053 270.63095238095246
13.65 0.6035358760401279 281.27809523809515
13.75 0.6047914016786978 292.1042857142857
13.850000000000001 0.6193720119509779 303.35333333333335
13.950000000000001 0.6263149650749615 314.8933333333334
14.05 0.6320045686291779 326.7057142857143
14.15 0.635235746921002 338.7480952380952
14.25 0.6380170841198334 351.01476190476194
14.350000000000001 0.6431506896812303 363.55428571428575
14.450000000000001 0.6574031912374655 376.5509523809524
14.55 0.6540282015744218 389.66047619047606
14.65 0.6635957592489306 403.14523809523786
14.75 0.6731451367700653 417.0114285714285
14.850000000000001 0.6699254895357599 430.9990476190476
14.950000000000001 0.6760475658043105 445.30523809523817
15.05 0.6806604485444377 459.90238095238107
15.15 0.6878101774888422 474.8495238095236
15.25 0.6904324994957622 490.0523809523809
15.350000000000001 0.6959379973204505 505.57809523809516
15.450000000000001 0.6990312469527146 521.3766666666667
15.55 0.7017380256702918 537.442380952381
15.65 0.7093292214707724 553.8914285714287
15.75 0.719084354921553 570.7804761904763
15.850000000000001 0.714944219968191 587.7861904761907
15.950000000000001 0.7246699198531746 605.2414285714286
16.05 0.7241217724272317 622.9028571428572
16.150000000000002 0.7305891193738644 640.9447619047619
16.25 0.7352430294762634 659.3271428571433
16.35 0.7405942153125605 678.0719047619049
16.45 0.7444231474460884 697.1447619047617
16.55 0.7508600444105933 716.6171428571429
16.650000000000002 0.7477458654994645 736.2438095238092
16.75 0.7590111545083059 756.4061904761904
16.85 0.7668571885337884 777.0209523809525
16.95 0.7676385865829113 797.9023809523808
17.05 0.7730028818689384 819.1785714285716
17.150000000000002 0.7880225563709877 841.1233333333334
17.25 0.7865522829428 863.2833333333332
17.35 0.7893573423687269 885.7809523809525
17.45 0.7891231519336971 908.5319047619049
17.55 0.7918149257533554 931.6228571428577
17.650000000000002 0.8014181094085864 955.2609523809523
17.75 0.7986710832625677 979.0857142857144
17.85 0.8054376155266613 1003.3838095238098
17.95 0.8064628474055385 1027.9861904761906
18.05 0.8184379854209181 1053.232857142857
18.150000000000002 0.8173832733332573 1078.7271428571426
18.25 0.8167705840369294 1104.4838095238094
18.35 0.8204691452073373 1130.6414285714282
18.45 0.8262707577449244 1157.2719047619055
18.55 0.8280266733889913 1184.2490476190474
18.650000000000002 0.8376214337131959 1211.8338095238103
18.75 0.8401696567214618 1239.7999999999995
18.85 0.842390330747982 1268.1400000000003
18.95 0.8449656374388503 1296.8690476190473
19.05 0.856324105383563 1326.2923809523813
19.150000000000002 0.859226027396769 1356.12619047619
19.25 0.8621980298061673 1386.3766666666675
19.35 0.8588033392568986 1416.821904761904
19.450000000000003 0.8725828338076217 1448.0761904761903
19.55 0.8753773722345227 1479.7538095238099
19.650000000000002 0.8806359809391441 1511.948571428571
19.75 0.8782392476916486 1544.383333333333
19.85 0.896230530834996 1577.8185714285714
19.950000000000003 0.8933086094669215 1611.4814285714288
20.05 0.8880982427996627 1645.2842857142855
20.150000000000002 0.8907384859374975 1679.5266666666666
20.25 0.8995140022244478 1714.4504761904757
20.35 0.9029857864210095 1749.8561904761902
20.450000000000003 0.9104838433148734 1785.9076190476198
20.55 0.9113624143792053 1822.3476190476194
20.650000000000002 0.9119100331568213 1859.1652380952376
20.75 0.9131056488383885 1896.3890476190468
20.85 0.912443195579923 1933.945238095238
20.950000000000003 0.909414103163126 1971.736666666667
21.05 0.9153227005395196 2010.1376190476192
21.150000000000002 0.9098357879805917 2048.6719047619044
21.25 0.923668625756451 2088.1628571428573
21.35 0.9139660023387849 2127.6076190476188
21.450000000000003 0.9130064912622051 2167.3809523809523
21.55 0.919714584782437 2207.8209523809523
21.650000000000002 0.9161523717839923 2248.479047619048
21.75 0.9227060260963158 2289.8071428571425
21.85 0.923750069928321 2331.5633333333335
21.950000000000003 0.9323153557139204 2374.0933333333337
22.05 0.9294020129961734 2416.877619047619
22.150000000000002 0.9327973223715803 2460.2085714285704
22.25 0.9357081354090431 2504.0680952380953
22.35 0.9393753714407106 2548.49619047619
22.450000000000003 0.9396871460773971 2593.3376190476192
22.55 0.940915847492871 2638.638571428572
22.650000000000002 0.9456253255772475 2684.570952380953
22.75 0.9489331125903594 2731.0719047619054
22.85 0.9442577761410078 2777.7514285714274
22.950000000000003 0.95388417648815 2825.320476190476
23.05 0.9545805107579901 2873.340000000001
23.150000000000002 0.955998777917626 2921.849047619047
23.25 0.9632096178682861 2971.147142857143
23.35 0.9657882385750004 3021.003333333333
23.450000000000003 0.964611240691266 3071.2261904761895
23.55 0.967028626959932 3122.005238095238
23.650000000000002 0.9672486158552817 3173.228095238095
23.75 0.9699093818598568 3225.0271428571427
23.85 0.969900961097976 3277.262857142859
23.950000000000003 0.9737168336610048 3330.1447619047635
24.05 0.974375071477248 3383.5052380952375
24.150000000000002 0.9822327702082081 3437.744285714285
24.25 0.9808879777438092 3492.3585714285705
24.35 0.9876158387462772 3547.8019047619055
24.450000000000003 0.9813120659700542 3603.344761904764
24.55 0.9864102176777142 3659.6338095238098
24.650000000000002 0.9908389361772991 3716.6371428571415
24.75 0.9968389499473195 3774.451904761904
24.85 0.9965613879670077 3832.718571428571
24.950000000000003 0.9998434703873825 3891.6485714285727
25.05 0.9995309292020222 3951.033333333331
25.150000000000002 0.9995813511575515 4010.896190476192
25.25 1.007369797252546 4071.7061904761918
25.35 1.0068885157558356 4132.969523809523
25.450000000000003 1.0113843420703323 4194.992857142858
25.55 1.0126279971193368 4257.581428571429
25.650000000000002 1.0142649254720415 4320.762857142859
25.75 1.016581688761394 4384.583333333333
25.85 1.0123670030391227 4448.63380952381
25.950000000000003 1.0185609349161096 4513.575714285715
26.05 1.0173446692904053 4578.940952380952
26.150000000000002 1.0186104777772478 4644.8909523809525
26.25 1.0172217904459961 4711.255714285715
26.35 1.0157451227128294 4778.030000000001
26.450000000000003 1.0250379158497023 4845.927619047619
26.55 1.0277121918757446 4914.518095238097
26.650000000000002 1.0275061977734716 4983.612380952382
26.75 1.025447113199888 5053.086666666666
26.85 1.02625044912493 5123.136190476189
26.950000000000003 1.0292849425574497 5193.917142857142
27.05 1.0289678984552848 5265.202380952381
27.150000000000002 1.029575991976777 5337.058095238098
27.25 1.0287928512449844 5409.389047619046
27.35 1.0342801949638538 5482.640476190477
27.450000000000003 1.0361294915177952 5556.560476190473
27.55 1.0339953084532147 5630.866666666667
27.650000000000002 1.040351110116044 5706.173333333334
27.75 1.0386662881530115 5781.902857142858
27.85 1.0402728497471094 5858.297142857145
27.950000000000003 1.044514533041442 5935.554761904762
28.05 1.042545646195654 6013.219523809525
28.150000000000002 1.0522439008319102 6092.166666666664
28.25 1.0489732223718449 6171.428571428572
28.35 1.0507598349634666 6251.388571428574
28.450000000000003 1.0488914844038437 6331.770476190478
28.55 1.0455981462115056 6412.464285714289
28.650000000000002 1.0536851421987978 6494.352857142857
28.75 1.053243666788209 6576.779523809524
28.85 1.0511937713295099 6659.619047619043
28.950000000000003 1.049279037214156 6742.8819047619045
29.05 1.0507150677318056 6826.835714285716
29.150000000000002 1.0506270067169146 6911.361428571428
29.25 1.0510681640244348 6996.50380952381
29.35 1.0509184303425345 7082.2171428571455
29.450000000000003 1.0471395625207733 7168.205238095239
29.55 1.047373427157253 7254.79761904762
29.650000000000002 1.0549145776719018 7342.604761904763
29.75 1.0511475700131636 7430.689523809526
29.85 1.055100792029768 7519.700952380954
29.950000000000003 1.0502983647037976 7608.901904761907
30.05 1.0469900690722826 7698.416666666663
30.150000000000002 1.050131566847648 7788.798571428574
30.25 1.0545662841869474 7880.1652380952355
30.35 1.0558567359509885 7972.249523809521
30.450000000000003 1.055035437427635 8064.869523809523
30.55 1.0503923399653334 8157.688571428573
30.650000000000002 1.0583043024580367 8251.82
30.75 1.0591659995782179 8346.643809523812
30.85 1.0549264278490997 8441.703333333327
30.950000000000003 1.0542897497579242 8537.322380952379
31.05 1.0586891246464076 8633.961904761905
31.150000000000002 1.052312155329311 8730.639047619048
31.25 1.0558677831523169 8828.266666666668
31.35 1.0538555843765485 8926.332857142854
31.450000000000003 1.053408629541325 9024.983809523806
31.55 1.0510210997834029 9124.038095238093
31.650000000000002 1.0543060910724078 9224.032857142853
31.75 1.0550393031938536 9324.73047619048
31.85 1.0521728391991274 9425.788095238097
31.950000000000003 1.053716351507567 9527.630476190478
32.050000000000004 1.054020568312249 9630.140952380954
32.15 1.0554294864932272 9733.429999999998
32.25 1.049319880786977 9836.760952380953
32.35 1.0491719056439335 9940.719047619048
32.45 1.0537008880173486 10045.772380952387
32.550000000000004 1.0512334266073895 10151.226666666666
32.65 1.0508900107576191 10257.295238095236
32.75 1.0478442921821935 10363.705238095237
32.85 1.0514855228628708 10471.138095238099
32.95 1.0445523815456952 10578.513333333338
33.050000000000004 1.0507833394784476 10687.185714285712
33.15 1.0449430433416693 10795.909047619049
33.25 1.0466555104508963 10905.468571428572
33.35 1.0487673082219788 11015.910476190476
33.45 1.0433241114059437 11126.43904761905
33.550000000000004 1.041935054867308 11237.48142857143
33.65 1.0433911760058596 11349.342857142865
33.75 1.0409924490918168 11461.61142857143
33.85 1.0385335839662835 11574.279523809526
33.95 1.040636746333754 11687.843809523813
34.050000000000004 1.0412744793698414 11802.148095238097
34.15 1.0390449231627792 11916.878571428573
34.25 1.0339424650938875 12031.715238095241
34.35 1.0323002489478503 12147.040000000005
34.45 1.033354881964203 12263.155714285716
34.550000000000004 1.0320332233502112 12379.797142857142
34.65 1.0329674615776627 12497.220952380947
34.75 1.0311500023152802 12615.115714285712
34.85 1.0323593410187764 12733.82904761905
34.95 1.0339373634761009 12853.407142857137
35.050000000000004 1.036111063013273 12973.923333333341
35.15 1.033423639032259 13094.813809523808
35.25 1.0325673704677518 13216.292380952375
35.35 1.0356887392806085 13338.830476190473
35.45 1.0350125629391542 13461.982380952377
35.550000000000004 1.0353065734738556 13585.86523809524
35.65 1.0375754797227115 13710.719047619048
35.75 1.0345769030900507 13835.911428571431
35.85 1.0327304375781652 13961.58047619048
35.95 1.030709467995288 14087.704285714284
36.050000000000004 1.0320386489384747 14214.694285714286
36.15 1.0342302402770223 14342.660952380951
36.25 1.0341659208888592 14471.328571428567
36.35 1.0325679197184585 14600.507142857143
36.45 1.0319144512673466 14730.315238095236
36.550000000000004 1.0291180192098768 14860.482857142852
36.65 1.0295081166421678 14991.413333333336
36.75 1.032340260274308 15123.421428571437
36.85 1.0307153633971575 15255.940000000002
36.95 1.0357678448428624 15389.831904761913
37.050000000000004 1.0307154668891512 15523.792857142864
37.15 1.0316533549111566 15658.60047619048
37.25 1.031051228245833 15794.055714285716
37.35 1.0359856395227505 15930.890952380956
37.45 1.0332861884590296 16068.101428571423
37.550000000000004 1.0348490053628239 16206.25428571428
37.65 1.0326445823884653 16344.848095238094
37.75 1.0324041737076384 16484.146666666664
37.85 1.0339809281172543 16624.39809523809
37.95 1.031444413047766 16765.045714285712
38.050000000000004 1.0327935634554257 16906.620476190477
38.15 1.0349126659470862 17049.23238095238
38.25 1.0328154019141325 17192.30238095238
38.35 1.0371002164827998 17336.7180952381
38.45 1.0335497357745063 17481.39095238095
38.550000000000004 1.0357720172171658 17627.130000000005
38.650000000000006 1.0379036227763379 17773.927619047623
38.75 1.0344293114615524 17920.991904761915
38.85 1.0359819899778802 18069.03809523809
38.95 1.034279468638371 18217.602857142858
39.050000000000004 1.0342727482245113 18366.930476190486
39.150000000000006 1.032244406654608 18516.729523809525
39.25 1.036941959700534 18667.98
39.35 1.03790814573143 18820.14380952382
39.45 1.034601608098968 18972.594761904755
39.550000000000004 1.0362185682316345 19126.059047619052
39.650000000000006 1.03428383703526 19280.012380952376
39.75 1.0367671415132502 19435.114761904762
39.85 1.0381040414821987 19591.199523809526
39.95 1.0352044977624475 19747.63047619048
40.050000000000004 1.037989994064808 19905.268571428573
40.150000000000006 1.0367601233317805 20063.507142857154
40.25 1.0384788818507222 20222.798571428568
40.35 1.038922983795774 20382.950952380947
40.45 1.0381051022303482 20543.771428571425
40.550000000000004 1.038178839286074 20705.399523809523
40.650000000000006 1.0379075276906873 20867.78333333334
40.75 1.0378898727693786 21030.964285714286
40.85 1.039475419163792 21195.197619047623
40.95 1.0388736717958644 21360.140476190478
41.050000000000004 1.0402860424100089 21526.115238095237
41.150000000000006 1.03856862598559 21692.624285714286
41.25 1.038135461753558 21859.8738095238
41.35 1.0392356728519794 22028.11333333333
41.45 1.0391217797884256 22197.149047619052
41.550000000000004 1.0401884561294819 22367.17571428571
41.650000000000006 1.0416939032751218 22538.269047619047
41.75 1.0413638684213475 22710.13047619048
41.85 1.0412490751416106 22882.797142857147
41.95 1.043089806093916 23056.59666666667
42.050000000000004 1.0441503573656492 23231.40333333332
42.150000000000006 1.0470829773363057 23407.535714285717
42.25 1.046265516008938 23584.366666666665
42.35 1.0493475541720083 23762.55904761905
42.45 1.047144653126545 23941.2180952381
42.550000000000004 1.0454064225056448 24120.421904761908
42.650000000000006 1.0483152316809932 24300.970000000005
42.75 1.0506845546844263 24482.77571428572
42.85 1.0494289048923873 24665.21333333334
42.95 1.0509155742428269 24848.51666666667
43.050000000000004 1.0528651175864456 25032.587619047627
43.150000000000006 1.0469141685965826 25216.04333333333
43.25 1.0480234887632187 25400.119047619053
43.35 1.0527143968103694 25585.44619047619
43.45 1.0531629754952039 25771.28
43.550000000000004 1.05385989515715 25957.664761904758
43.650000000000006 1.0524206867361872 26144.222380952386
43.75 1.0557587704794884 26331.800476190478
43.85 1.0572766362439685 26520.07761904763
43.95 1.0568639816767682 26708.710476190477
44.050000000000004 1.0595250593835568 26898.248571428572
44.150000000000006 1.05659670634826 27087.691904761898
44.25 1.0571767954695457 27277.668571428563
44.35 1.0581323486726404 27468.24666666667
44.45 1.059772112152158 27659.55047619047
44.550000000000004 1.061128149250514 27851.53
44.650000000000006 1.0580241583117795 28043.377619047616
44.75 1.061078605010473 28236.21
44.85 1.0607049706797047 28429.40523809525
44.95 1.06123297439927 28623.12761904763
45.050000000000004 1.0585128994997897 28816.78333333335
45.150000000000006 1.0613054670176312 29011.38095238094
45.25 1.0611058972607554 29206.344761904747
45.35 1.063062032208861 29401.73904761906
45.45 1.0596906494143485 29596.48714285716
45.550000000000004 1.0591280475520488 29791.103333333336
45.650000000000006 1.0578063969870717 29985.44619047618
45.75 1.0590227481109342 30179.979999999996
45.85 1.0572090904058227 30374.146190476175
45.95 1.0596949590028921 30568.732380952373
46.050000000000004 1.0605690019811203 30763.440476190473
46.150000000000006 1.05757321563412 30957.558095238106
46.25 1.057934487379146 31151.699523809526
46.35 1.0557243190065602 31345.39095238096
46.45 1.0550635127008097 31538.91476190476
46.550000000000004 1.0527175868294616 31731.96000000001
46.650000000000006 1.0546021870586768 31925.300476190478
46.75 1.052076633539721 32118.12571428573
46.85 1.0527493849092426 32311.02
46.95 1.0521465836525128 32503.74761904761
47.050000000000004 1.0521498016115074 32696.41761904762
47.150000000000006 1.0494872323113962 32888.540000000015
47.25 1.0527535554123566 33081.198095238105
47.35 1.0521649440510878 33273.684285714284
47.45 1.0525684761601237 33466.178095238094
47.550000000000004 1.0520923638416724 33658.51666666669
47.650000000000006 1.0517623077393563 33850.724761904756
47.75 1.0534135683641455 34043.16238095238
47.85 1.0505370087071846 34235.00047619048
47.95 1.051117839014597 34426.868571428575
48.050000000000004 1.0489123465808445 34618.25619047618
48.150000000000006 1.0532352996466108 34810.35238095238
48.25 1.0522731001307029 35002.19095238095
48.35 1.0470014702894985 35192.984761904765
48.45 1.048117598964056 35383.89619047621
48.550000000000004 1.0489030105070434 35574.86285714287
48.650000000000006 1.0489255086760245 35765.74380952382
48.75 1.0484379639759913 35956.44428571426
48.85 1.0462137923305392 36146.64666666667
48.95 1.0445722263474344 36336.45523809525
49.050000000000004 1.0432702510081906 36525.93
49.150000000000006 1.0462118697507536 36715.83952380952
49.25 1.0438786787126297 36905.224285714285
49.35 1.0422918220438755 37094.21809523809
49.45 1.04264541471682 37283.17095238096
49.550000000000004 1.0425134021617162 37471.99285714285
49.650000000000006 1.0430576951133568 37660.804285714294
49.75 1.0421947936207663 37849.34857142857
49.85 1.040193462434748 38037.41809523809
49.95 1.0433158606701682 38225.93714285714
50.050000000000004 1.0432121659029274 38414.32047619047
