0.05 0.0 0.0
0.15000000000000002 0.0 0.0
0.25 0.0 0.0
0.35000000000000003 0.0 0.0
0.45 0.0 0.0
0.55 0.0 0.0
0.65 0.0 0.0
0.75 0.0 0.0
0.8500000000000001 0.0 0.0
0.9500000000000001 0.0 0.0
1.05 0.0 0.0
1.1500000000000001 0.0 0.0
1.25 0.0 0.0
1.35 0.0 0.0
1.4500000000000002 0.0 0.0
1.55 0.002092685428036038 0.0004761904761904762
1.6500000000000001 0.0 0.0004761904761904762
1.75 0.0032836261014450147 0.0014285714285714286
1.85 0.013222430129041713 0.005714285714285714
1.9500000000000002 0.017190833056075182 0.011904761904761911
2.0500000000000003 0.02153756660194425 0.020476190476190488
2.15 0.029371526479868466 0.03333333333333332
2.25 0.030792371298244525 0.04809523809523806
2.35 0.05463462378807427 0.07666666666666663
2.45 0.07121056438489098 0.11714285714285703
2.5500000000000003 0.08893644913665211 0.17190476190476173
2.6500000000000004 0.10383474042431294 0.2409523809523806
2.75 0.1283399979583512 0.3328571428571424
2.85 0.1318752479441027 0.43428571428571433
2.95 0.13811162783368156 0.5480952380952383
3.0500000000000003 0.13298862186637048 0.665238095238095
3.1500000000000004 0.13430935213560813 0.7914285714285711
3.25 0.1437884223639706 0.9352380952380951
3.35 0.15594639601356292 1.1009523809523813
3.45 0.1753466452953803 1.2985714285714283
3.5500000000000003 0.16800207022255706 1.4990476190476199
3.6500000000000004 0.1574131905771903 1.6976190476190476
3.75 0.17988612832136394 1.9371428571428562
3.85 0.1598059674369656 2.1614285714285715
3.95 0.1653552312164012 2.405714285714286
4.05 0.16618244197089613 2.663809523809523
4.15 0.1687829572109312 2.93904761904762
4.25 0.17485566517615422 3.2380952380952364
4.3500000000000005 0.18604515334327806 3.57142857142857
4.45 0.19073025945196131 3.929047619047621
4.55 0.20260200377943308 4.326190476190479
4.65 0.2067745469589694 4.74952380952381
4.75 0.20908243013885577 5.196190476190476
4.8500000000000005 0.2123089712708919 5.669047619047622
4.95 0.21449100426154444 6.16666666666667
5.050000000000001 0.22244882321220427 6.703809523809523
5.15 0.2144630419727807 7.242380952380952
5.25 0.21914382132427015 7.814285714285715
5.3500000000000005 0.22613943300118755 8.427142857142856
5.45 0.24297672403053164 9.110476190476193
5.550000000000001 0.24507608663722416 9.825238095238097
5.65 0.22797029363677898 10.514285714285714
5.75 0.23882015565822695 11.261904761904766
5.8500000000000005 0.24498035110105282 12.055714285714284
5.95 0.24619111133914282 12.880952380952381
6.050000000000001 0.2541961987237838 13.761904761904765
6.15 0.24785864324459966 14.64952380952381
6.25 0.25080582175612576 15.577142857142858
6.3500000000000005 0.25070188056246245 16.53428571428572
6.45 0.2560446981871979 17.542857142857148
6.550000000000001 0.25977459754864307 18.59809523809524
6.65 0.2669190530196737 19.715714285714284
6.75 0.2638155390107124 20.853809523809524
6.8500000000000005 0.26152844444257484 22.01571428571429
6.95 0.2665513115486709 23.23476190476192
7.050000000000001 0.25853738345407584 24.45142857142856
7.15 0.2719172979819432 25.76761904761905
7.25 0.2674341563289412 27.098571428571436
7.3500000000000005 0.276591757958113 28.513333333333332
7.45 0.27537822367382747 29.960476190476193
7.550000000000001 0.28348392258240607 31.49047619047617
7.65 0.27397265508010404 33.00857142857143
7.75 0.2804294867869038 34.603333333333346
7.8500000000000005 0.28622564293851044 36.273333333333355
7.95 0.3042957314687978 38.09428571428571
8.05 0.28785743285398213 39.86047619047619
8.15 0.30120492789664427 41.75476190476191
8.25 0.30953880822023455 43.749523809523815
8.35 0.3083727101257244 45.78523809523807
8.450000000000001 0.3074565302798683 47.86380952380952
8.55 0.3150296448205005 50.04428571428571
8.65 0.31699667345674576 52.28999999999999
8.75 0.3274630404094957 54.663809523809505
8.85 0.31849929439185215 57.02571428571429
8.950000000000001 0.33094847765549984 59.53571428571428
9.05 0.3327633854216023 62.11619047619047
9.15 0.3377843566784003 64.79380952380953
9.25 0.3411596566962324 67.55761904761907
9.35 0.33660510385615716 70.34380952380954
9.450000000000001 0.34128949025048394 73.22952380952381
9.55 0.3572853663398635 76.31476190476192
9.65 0.35737204865030975 79.4657142857143
9.75 0.3564277171842425 82.67380952380952
9.850000000000001 0.36275692111556107 86.00619047619054
9.950000000000001 0.3647985218121285 89.42571428571428
10.05 0.3737582723100423 93.0
10.15 0.38190530665034383 96.72523809523807
10.25 0.39315934922274237 100.63619047619045
10.350000000000001 0.3861152757345567 104.55238095238099
10.450000000000001 0.3927618137156973 108.6133333333333
10.55 0.4038327600948823 112.86904761904765
10.65 0.4032464044648543 117.19952380952382
10.75 0.40404806546229066 121.62047619047618
10.850000000000001 0.41205732755915975 126.21333333333332
10.950000000000001 0.41668787098944565 130.94380952380953
11.05 0.4162236544585007 135.75571428571422
11.15 0.419633056448449 140.69523809523804
11.25 0.4296512630133633 145.8438095238096
11.350000000000001 0.43066374470866636 151.09666666666672
11.450000000000001 0.4379052401440009 156.5323809523809
11.55 0.44106238322605396 162.10333333333332
11.65 0.43645049754121235 167.71190476190478
11.75 0.44231313268936795 173.49380952380955
11.850000000000001 0.44777328251625037 179.44714285714284
11.950000000000001 0.44932668654156493 185.52238095238098
12.05 0.4558933532367782 191.79000000000005
12.15 0.4679415577774065 198.33047619047633
12.25 0.4671700462645812 204.96809523809523
12.350000000000001 0.4774415817762764 211.86285714285722
12.450000000000001 0.47600009161775275 218.84857142857146
12.55 0.47566136124259556 225.94190476190482
12.65 0.48102536907663296 233.23000000000005
12.75 0.4887929839223153 240.75333333333333
12.850000000000001 0.48916463793609866 248.40095238095236
12.950000000000001 0.49177579302502755 256.2095238095238
13.05 0.4879298970638707 264.0771428571429
13.15 0.5061607696563816 272.3642857142858
13.25 0.5047086498526858 280.7538095238096
13.350000000000001 0.5029890974802326 289.24142857142857
13.450000000000001 0.5068250356467202 297.9223809523809
13.55 0.5104385775821575 306.79571428571427
13.65 0.5155387851196565 315.8904761904763
13.75 0.5208361932468539 325.21380952380946
13.850000000000001 0.5219421175087043 334.6933333333334
13.950000000000001 0.5300184576940377 344.45904761904757
14.05 0.5288700651295846 354.34380952380974
14.15 0.5304892933379988 364.4004761904762
14.25 0.5351814112446178 374.68999999999994
14.350000000000001 0.5421828944758906 385.26095238095246
14.450000000000001 0.5466758080213066 396.06857142857154
14.55 0.5495452364264268 407.0838095238096
14.65 0.5463334815710702 418.1857142857143
14.75 0.5442676293868062 429.39714285714285
14.850000000000001 0.5444427482194344 440.76476190476177
14.950000000000001 0.5514503094764314 452.434285714286
15.05 0.551984670528028 464.27190476190475
15.15 0.5528732545866699 476.28666666666663
15.25 0.5637039883435613 488.69904761904763
15.350000000000001 0.5661380046291961 501.3290476190476
15.450000000000001 0.5770162983104874 514.3700000000002
15.55 0.5700139484703999 527.4199999999997
15.65 0.5772707371677721 540.806666666667
15.75 0.5773030682616603 554.3657142857143
15.850000000000001 0.5801914885444146 568.1661904761906
15.950000000000001 0.5854730378778854 582.2685714285716
16.05 0.5876106927860661 596.6004761904762
16.150000000000002 0.5958597544808852 611.3152380952381
16.25 0.6011001738277046 626.3438095238098
16.35 0.5994139746940906 641.515238095238
16.45 0.6156039120592547 657.2876190476189
16.55 0.6117860451841962 673.1533333333332
16.650000000000002 0.6143105287188799 689.2776190476188
16.75 0.6222884017288522 705.8080952380952
16.85 0.6275896452510585 722.6790476190475
16.95 0.6397075749583665 740.0804761904764
17.05 0.6429003377405941 757.7757142857142
17.150000000000002 0.6521825427477963 775.9376190476193
17.25 0.6543785066703941 794.3738095238099
17.35 0.6523371378017693 812.9661904761907
17.45 0.6633477201992828 832.0909523809523
17.55 0.6672891245986032 851.550476190476
17.650000000000002 0.6763943012043139 871.5009523809524
17.75 0.6785320008226473 891.7419047619047
17.85 0.6836890887254787 912.3671428571424
17.95 0.6904064984176325 933.429047619048
18.05 0.6979677670380134 954.9595238095243
18.150000000000002 0.7034888577953946 976.9014285714284
18.25 0.711036929700066 999.3238095238095
18.35 0.7248017647654557 1022.4314285714286
18.45 0.730396518652463 1045.9719047619049
18.55 0.7312540156803757 1069.7961904761903
18.650000000000002 0.7448913851286993 1094.327142857143
18.75 0.746509101585917 1119.1757142857143
18.85 0.7483478977491985 1144.3519047619047
18.95 0.7558206492520432 1170.05
19.05 0.764841876837432 1196.3300000000004
19.150000000000002 0.7758008318746779 1223.267142857143
19.25 0.7838176245842015 1250.7676190476186
19.35 0.7887800060662172 1278.7304761904763
19.450000000000003 0.7977603913438175 1307.304761904762
19.55 0.8062004132002508 1336.4790476190474
19.650000000000002 0.8073158617729612 1365.993333333333
19.75 0.82137734053266 1396.3280952380953
19.85 0.8186748196470076 1426.8700000000006
19.950000000000003 0.825475182549895 1457.9766666666662
20.05 0.8356525797982797 1489.7833333333335
20.150000000000002 0.842032708820499 1522.1533333333334
20.25 0.8430092161834327 1554.8833333333334
20.35 0.8470228196705789 1588.0947619047622
20.450000000000003 0.8591918584290237 1622.1152380952378
20.55 0.8615926228145887 1656.565238095238
20.650000000000002 0.8662184068851143 1691.538095238095
20.75 0.8700260321962501 1727.005714285714
20.85 0.871117853304076 1762.8609523809512
20.950000000000003 0.8861292885462128 1799.6847619047628
21.05 0.8824858590343384 1836.7080952380948
21.150000000000002 0.8895415095729282 1874.3828571428573
21.25 0.8865686246423354 1912.28761904762
21.35 0.8986953532425573 1951.0733333333328
21.450000000000003 0.8981074461064368 1990.1976190476194
21.55 0.906588800825531 2030.060476190476
21.650000000000002 0.9092636853783646 2070.412857142856
21.75 0.917996226818059 2111.5299999999997
21.85 0.9216220990072651 2153.19
21.950000000000003 0.9261356205064746 2195.4380952380952
22.05 0.924209187297774 2237.983333333333
22.150000000000002 0.9309521273825492 2281.2285714285713
22.25 0.9303237880688694 2324.835714285713
22.35 0.9362944288404592 2369.118095238096
22.450000000000003 0.9371724523862794 2413.8395238095227
22.55 0.9487986832416393 2459.519999999999
22.650000000000002 0.9562130979924272 2505.966666666667
22.75 0.9490497225661004 2552.4733333333334
22.85 0.9559036252576236 2599.7285714285704
22.950000000000003 0.9551159804700015 2647.3590476190475
23.05 0.967785851963525 2696.042857142857
23.150000000000002 0.9699630475339119 2745.2604761904768
23.25 0.9648192160744485 2794.6409523809516
23.35 0.9681589388492536 2844.6195238095243
23.450000000000003 0.9779369752997464 2895.5361904761908
23.55 0.9752174829761445 2946.7452380952373
23.650000000000002 0.9789381815310576 2998.5871428571445
23.75 0.9877867863959671 3051.3409523809514
23.85 0.9868241612396559 3104.4880952380954
23.950000000000003 0.9905691528835 3158.285238095239
24.05 0.9932613762618543 3212.6799999999994
24.150000000000002 0.9970910436631844 3267.7395238095232
24.25 1.0025258414083984 3323.558571428573
24.35 1.005191398673463 3379.9885714285724
24.450000000000003 1.0070563639970465 3436.988571428571
24.55 1.0080398613047468 3494.5119047619046
24.650000000000002 1.014470345892572 3552.874761904762
24.75 1.0120775452237127 3611.5733333333355
24.85 1.0225586415661472 3671.3599999999997
24.950000000000003 1.019048078995746 3731.4219047619054
25.05 1.017404313204015 3791.868571428572
25.150000000000002 1.026782953250509 3853.3604761904758
25.25 1.0233282400199635 3915.1338095238084
25.35 1.02919372643809 3977.7542857142857
25.450000000000003 1.034228991429413 4041.1785714285716
25.55 1.0332294097026256 4105.040476190475
25.650000000000002 1.0327719866531277 4169.374761904761
25.75 1.0341640168285835 4234.299047619047
25.85 1.031687673468706 4299.571904761906
25.950000000000003 1.0358658205002995 4365.617142857144
26.05 1.0387785229011628 4432.359523809524
26.150000000000002 1.0418444609484698 4499.813809523807
26.25 1.0337684503123985 4567.258095238094
26.35 1.0405473084713104 4635.662857142857
26.450000000000003 1.034397942265078 4704.180476190477
26.55 1.0389282677270963 4773.519523809525
26.650000000000002 1.0420515238994454 4843.591904761905
26.75 1.0393989180451317 4914.011428571429
26.85 1.0376358685083045 4984.838095238095
26.950000000000003 1.0487502276323222 5056.957619047618
27.05 1.0447015207210597 5129.332857142858
27.150000000000002 1.0451256959849091 5202.273809523811
27.25 1.0396229626320657 5275.366190476189
27.35 1.0380386955553251 5348.883809523809
27.450000000000003 1.0413758181793926 5423.178095238096
27.55 1.0465058545357675 5498.383333333335
27.650000000000002 1.0454626085766883 5574.06
27.75 1.0446815030241634 5650.2280952380925
27.85 1.0448054171416619 5726.955238095238
27.950000000000003 1.0511457173230518 5804.703333333331
28.05 1.0497432868343954 5882.904285714289
28.150000000000002 1.0468173132102268 5961.444285714284
28.25 1.050649562877407 6040.832857142858
28.35 1.0522929596184494 6120.90952380952
28.450000000000003 1.0508425982893588 6201.440952380955
28.55 1.0504850126838232 6282.5119047619055
28.650000000000002 1.050161951819512 6364.126666666666
28.75 1.0484428091537417 6446.177619047621
28.85 1.0494474517103136 6528.879523809524
28.950000000000003 1.048492912069032 6612.079999999999
29.05 1.0542610962469212 6696.317142857143
29.150000000000002 1.0497154973479177 6780.769523809526
29.25 1.0475998548237433 6865.630952380951
29.35 1.0468198029238942 6951.0099999999975
29.450000000000003 1.0466640512698988 7036.959047619048
29.55 1.0500344251739415 7123.771428571427
29.650000000000002 1.04835836895685 7211.032857142857
29.75 1.049886042909709 7299.011904761908
29.85 1.0493659350574038 7387.539523809524
29.950000000000003 1.0464632354533228 7476.414761904763
30.05 1.050170344363085 7566.2014285714295
30.150000000000002 1.0468008369120185 7656.296666666664
30.25 1.044194852601704 7746.764761904761
30.35 1.0481580024010275 7838.177619047621
30.450000000000003 1.0464542091522935 7930.044285714283
30.55 1.0467494853489954 8022.5414285714305
30.650000000000002 1.0448717891794033 8115.478095238095
30.75 1.0423367863875108 8208.795238095241
30.85 1.0440455586446344 8302.874285714286
30.950000000000003 1.0431062977311099 8397.479047619045
31.05 1.0452509514396993 8492.891904761902
31.150000000000002 1.0440293346290113 8588.8080952381
31.25 1.0454130347897377 8685.469047619052
31.35 1.0370144871187044 8781.968095238097
31.450000000000003 1.0425321817548099 8879.600476190479
31.55 1.0467010874750253 8978.247619047623
31.650000000000002 1.0401876909271828 9076.903333333335
31.75 1.047919727445348 9176.92142857143
31.85 1.0432783467901612 9277.124761904768
31.950000000000003 1.039162217423837 9377.560476190476
32.050000000000004 1.0432488690188582 9479.023333333334
32.15 1.0417662760017588 9580.97523809524
32.25 1.0452869179049922 9683.909047619052
32.35 1.046307626741428 9787.583333333332
32.45 1.0455955700520279 9891.82857142857
32.550000000000004 1.0473314249426136 9996.891428571425
32.65 1.0458040850689507 10102.44666666667
32.75 1.0473800653823224 10208.809523809525
32.85 1.0500127561504413 10316.091904761908
32.95 1.0547946353046427 10424.520000000002
33.050000000000004 1.0510596045318572 10533.220952380952
33.15 1.048137566111357 10642.276666666668
33.25 1.0494259688051923 10752.126190476192
33.35 1.0503635573156733 10862.73619047619
33.45 1.053999630619201 10974.395714285714
33.550000000000004 1.048932255832715 11086.18380952381
33.65 1.054992850491415 11199.289047619042
33.75 1.054746421194941 11313.040952380952
33.85 1.0617137459123536 11428.223809523812
33.95 1.058583950299081 11543.746666666671
34.050000000000004 1.0586002067333249 11659.952857142862
34.15 1.0622896795518633 11777.25
34.25 1.0574461269973143 11894.69714285715
34.35 1.0553774121879083 12012.599999999995
34.45 1.061404799180285 12131.867619047624
34.550000000000004 1.0618717569422382 12251.881428571425
34.65 1.0614024472996682 12372.537619047616
34.75 1.0639072021109406 12494.177619047618
34.85 1.063384203564455 12616.458571428568
34.95 1.0633726725846757 12739.440952380957
35.050000000000004 1.0612847086268578 12862.885238095236
35.15 1.0616700904886924 12987.080000000002
35.25 1.062786880034056 13112.113809523811
35.35 1.0667155316915757 13238.322857142864
35.45 1.0670891918486975 13365.29142857143
35.550000000000004 1.0631637119930297 13492.507619047621
35.65 1.0650272465617825 13620.664761904765
35.75 1.0657750807050659 13749.632380952375
35.85 1.0714795965289208 13880.016666666668
35.95 1.0651844932047203 14010.359047619053
36.050000000000004 1.0709975961329063 14142.142857142862
36.15 1.0672510993607742 14274.195238095243
36.25 1.0709585315930898 14407.440476190479
36.35 1.0713127685059036 14541.466190476192
36.45 1.0743914853420835 14676.617619047622
36.550000000000004 1.0727559181850508 14812.304761904757
36.65 1.0759747828027952 14949.144761904758
36.75 1.0754151070210551 15086.660952380957
36.85 1.077838288013302 15225.238095238092
36.95 1.077755097870425 15364.557619047626
37.050000000000004 1.0820061266442371 15505.184761904755
37.15 1.0821762945234725 15646.594285714287
37.25 1.079773669010241 15788.45047619048
37.35 1.0853127952955957 15931.800952380945
37.45 1.080987574854911 16075.345714285713
37.550000000000004 1.0810767624348807 16219.67
37.65 1.0794183114756128 16364.541428571425
37.75 1.0779881106010114 16509.99047619047
37.85 1.083291337030278 16656.930476190475
37.95 1.0818292992593488 16804.44857142857
38.050000000000004 1.0818787617576024 16952.75190476191
38.15 1.0866090563591881 17102.487619047613
38.25 1.086050013389841 17252.93190476191
38.35 1.0876808791266792 17404.390952380953
38.45 1.087878514596739 17556.66857142857
38.550000000000004 1.0896094737601414 17709.98285714286
38.650000000000006 1.0873822754089586 17863.778571428575
38.75 1.086794709992774 18018.287619047624
38.85 1.0897409437288428 18174.016190476188
38.95 1.0935012556023878 18331.087619047627
39.050000000000004 1.0911863117006722 18488.63238095238
39.150000000000006 1.0956140764386164 18647.627619047624
39.25 1.0948864694154963 18807.33
39.35 1.0975138725869416 18968.23238095238
39.45 1.0957701938989204 19129.69666666666
39.550000000000004 1.1011359614287386 19292.775238095237
39.650000000000006 1.1013919033308244 19456.71761904762
39.75 1.106163998333697 19622.201904761903
39.85 1.1024087369109783 19787.955238095237
39.95 1.107406155127581 19955.296666666665
40.050000000000004 1.107934540940121 20123.557142857142
40.150000000000006 1.1125872139437727 20293.369047619046
40.25 1.1111325423231495 20463.80476190476
40.35 1.1107536098132675 20635.029999999995
40.45 1.1131066996768373 20807.469523809526
40.550000000000004 1.118178979353446 20981.552380952395
40.650000000000006 1.1159744537205478 21156.149999999994
40.75 1.1167977309906365 21331.737142857146
40.85 1.118787071155138 21508.501428571428
40.95 1.1183862877464972 21686.068571428583
41.050000000000004 1.1177075090705042 21864.39571428571
41.150000000000006 1.1185071850222112 22043.720952380958
41.25 1.119410120637455 22224.06428571428
41.35 1.1186293096055528 22405.156666666662
41.45 1.1254071620858932 22588.22857142857
41.550000000000004 1.121470658681655 22771.54142857143
41.650000000000006 1.1260160930096406 22956.48428571429
41.75 1.1259981806400365 23142.313333333335
41.85 1.1259589661167961 23329.02714285714
41.95 1.126255997456523 23516.683809523805
42.050000000000004 1.1248137841297259 23704.994761904763
42.150000000000006 1.1242614610826211 23894.10952380952
42.25 1.1266037861444689 24084.51857142857
42.35 1.1305295075805224 24276.496666666666
42.45 1.1297112878269653 24469.242857142846
42.550000000000004 1.1291854989930377 24662.80809523809
42.650000000000006 1.1300650792486164 24857.435714285708
42.75 1.130112247295329 25052.98523809524
42.85 1.1304015735867712 25249.49952380952
42.95 1.1286687534758848 25446.36476190476
43.050000000000004 1.1287680231217896 25643.705714285727
43.150000000000006 1.1359919697698146 25842.770952380943
43.25 1.1307247284219337 26041.372380952384
43.35 1.1324902004860526 26240.743809523803
43.45 1.1326202414279118 26440.59809523809
43.550000000000004 1.1331831751392274 26641.011904761894
43.650000000000006 1.1336172726940246 26841.96285714287
43.75 1.1379544019448966 27044.14476190477
43.85 1.1384665569526495 27246.880000000005
43.95 1.1340192757504424 27449.28380952381
44.050000000000004 1.1370189506198303 27652.684761904748
44.150000000000006 1.133508721799895 27855.91809523809
44.25 1.1373492576188595 28060.301904761902
44.35 1.138930433136042 28265.4323809524
44.45 1.133273823120241 28470.004285714287
44.550000000000004 1.1364520686547437 28675.611428571432
44.650000000000006 1.1352934315693435 28881.46999999999
44.75 1.1354684565376998 29087.82142857143
44.85 1.132965513147518 29294.178095238094
44.95 1.1318067136712222 29500.783333333336
45.050000000000004 1.1313532211617037 29707.76523809525
45.150000000000006 1.1323275286748515 29915.38523809523
45.25 1.1341764052607022 30123.774761904755
45.35 1.134818356676333 30332.3580952381
45.45 1.1332549784927493 30540.62571428573
45.550000000000004 1.1335998105397684 30748.92619047619
45.650000000000006 1.1320798952524382 30956.91476190476
45.75 1.1330235053977682 31165.041904761914
45.85 1.1309792603884015 31372.756666666664
45.95 1.129005577064836 31580.070000000007
46.050000000000004 1.1324041508361027 31787.966190476196
46.150000000000006 1.131418390527618 31995.638095238093
46.25 1.1250646482302158 32202.098571428563
46.35 1.1271913778626828 32408.901904761904
46.45 1.1291282443785684 32616.010952380948
46.550000000000004 1.1257569374991843 32822.450000000004
46.650000000000006 1.1231487967072817 33028.35714285714
46.75 1.1224241402376718 33234.075714285726
46.85 1.122563116404947 33439.761904761916
46.95 1.1227501719029385 33645.42238095239
47.050000000000004 1.1218957769135223 33850.864285714284
47.150000000000006 1.1198298803164253 34055.86380952381
47.25 1.1207770548403833 34260.97047619047
47.35 1.1204479946033659 34465.94857142858
47.45 1.1143680150771067 34669.74428571428
47.550000000000004 1.1171775729479159 34873.98142857144
47.650000000000006 1.1153703756177367 35077.81380952381
47.75 1.1173322510043018 35281.9280952381
47.85 1.1210778333672107 35486.64761904763
47.95 1.1158222012899668 35690.32666666667
48.050000000000004 1.113635213152312 35893.5238095238
48.150000000000006 1.1111446777512353 36096.18190476191
48.25 1.1146346100947366 36299.389523809514
48.35 1.1094164685745198 36501.55714285712
48.45 1.1107174979628303 36703.870952380974
48.550000000000004 1.106407889416371 36905.307142857135
48.650000000000006 1.1042881555191297 37106.26285714287
48.75 1.1074636670501274 37307.69952380952
48.85 1.1042889058150551 37508.46000000001
48.95 1.0995999174267759 37708.267619047605
49.050000000000004 1.098690631899628 37907.807619047606
49.150000000000006 1.0947776538200993 38106.53285714284
49.25 1.0969875957700472 38305.552857142866
49.35 1.095224858311418 38504.14476190476
49.45 1.0908177186878367 38701.82761904762
49.550000000000004 1.0899663419326688 38899.244285714274
49.650000000000006 1.0882493908953728 39096.236190476186
49.75 1.0852862764007767 39292.57619047618
49.85 1.0828050853622668 39488.34999999999
49.95 1.0824642531788335 39683.94285714284
50.050000000000004 1.08153047831742 39879.24571428573
