0.05 0.0 0.0
0.15000000000000002 0.0 0.0
0.25 0.0 0.0
0.35000000000000003 0.0 0.0
0.45 0.0 0.0
0.55 0.0 0.0
0.65 0.0 0.0
0.75 0.0 0.0
0.8500000000000001 0.0 0.0
0.9500000000000001 0.0 0.0
1.05 0.0 0.0
1.1500000000000001 0.0 0.0
1.25 0.0 0.0
1.35 0.0 0.0
1.4500000000000002 0.0 0.0
1.55 0.008370741712144152 0.0019047619047619048
1.6500000000000001 0.018467884866756216 0.006666666666666668
1.75 0.05417983067384277 0.022380952380952387
1.85 0.04554392600003257 0.03714285714285712
1.9500000000000002 0.05818435803594675 0.05809523809523803
2.0500000000000003 0.04546819615966008 0.07619047619047613
2.15 0.04895254413311409 0.09761904761904754
2.25 0.029799068998301155 0.1119047619047618
2.35 0.0418865449041903 0.13380952380952363
2.45 0.04188856728522998 0.1576190476190474
2.5500000000000003 0.04098810264558749 0.18285714285714263
2.6500000000000004 0.06086864093839035 0.22333333333333308
2.75 0.05851771927634666 0.265238095238095
2.85 0.052626272653749924 0.3057142857142853
2.95 0.046807706504302084 0.34428571428571386
3.0500000000000003 0.05243860293104857 0.39047619047619025
3.1500000000000004 0.05017594664688759 0.4376190476190476
3.25 0.054753869443233835 0.4923809523809522
3.35 0.04705279190064394 0.5423809523809526
3.45 0.054927864791323944 0.6042857142857141
3.5500000000000003 0.06544498697505788 0.6823809523809523
3.6500000000000004 0.0513385945287719 0.7471428571428568
3.75 0.05149821566257729 0.8157142857142853
3.85 0.04546496738121734 0.8795238095238094
3.95 0.05125045178052197 0.9552380952380954
4.05 0.053043473175212255 1.0376190476190477
4.15 0.05314619067887455 1.1242857142857146
4.25 0.06403949520782723 1.233809523809524
4.3500000000000005 0.06405268850818574 1.3485714285714285
4.45 0.05612701376682214 1.4538095238095239
4.55 0.053687101720928956 1.5590476190476181
4.65 0.04861178888011768 1.6585714285714275
4.75 0.05349657061122108 1.7728571428571422
4.8500000000000005 0.06029318217360673 1.9071428571428561
4.95 0.061371110310240895 2.0495238095238095
5.050000000000001 0.06665576440223848 2.2104761904761903
5.15 0.0688329657260118 2.383333333333334
5.25 0.07608907035155758 2.5819047619047617
5.3500000000000005 0.0753798110003958 2.786190476190475
5.45 0.07365496512423785 2.9933333333333336
5.550000000000001 0.07233091697554318 3.2042857142857146
5.65 0.07908851928518526 3.443333333333334
5.75 0.0860969478360232 3.7128571428571426
5.8500000000000005 0.09023271480266738 4.005238095238096
5.95 0.090776757152748 4.309523809523809
6.050000000000001 0.10085405938554452 4.659047619047618
6.15 0.09893070309762994 5.013333333333332
6.25 0.108536605616229 5.414761904761905
6.3500000000000005 0.09978184300993528 5.7957142857142845
6.45 0.10940531249264118 6.2266666666666675
6.550000000000001 0.1036284946899821 6.6476190476190515
6.65 0.10940610524283186 7.105714285714288
6.75 0.1168956718880101 7.610000000000001
6.8500000000000005 0.1234757245892812 8.158571428571431
6.95 0.1268201161977661 8.738571428571424
7.050000000000001 0.1289145309277858 9.345238095238093
7.15 0.13330243804831154 9.990476190476189
7.25 0.13988863561821532 10.68666666666667
7.3500000000000005 0.1348047342724159 11.376190476190475
7.45 0.1493331071452673 12.160952380952388
7.550000000000001 0.15802044984285377 13.013809523809519
7.65 0.16560392294208293 13.931428571428576
7.75 0.17157360956296383 14.90714285714286
7.8500000000000005 0.1867363190884835 15.996666666666671
7.95 0.18023792671988148 17.075238095238095
8.05 0.19604418317313535 18.27809523809524
8.15 0.19497302396527386 19.504285714285714
8.25 0.19862504571401052 20.78428571428571
8.35 0.1989454817606427 22.09761904761906
8.450000000000001 0.207858928031132 23.502857142857135
8.55 0.21155626945250905 24.967142857142875
8.65 0.21791840868252113 26.510952380952382
8.75 0.2156592099627631 28.074285714285725
8.85 0.22005989554049962 29.70619047619048
8.950000000000001 0.21736741218807448 31.354761904761915
9.05 0.21713440318338906 33.03857142857143
9.15 0.22406822877653074 34.814761904761916
9.25 0.22818431896877578 36.663333333333355
9.35 0.23057823555896056 38.57190476190476
9.450000000000001 0.23856473278895218 40.589047619047605
9.55 0.24749139128465913 42.726190476190474
9.65 0.2408224217820359 44.84952380952381
9.75 0.24384375070538425 47.04428571428568
9.850000000000001 0.25343220739268046 49.37238095238097
9.950000000000001 0.2616226691731599 51.8247619047619
10.05 0.2560936310272511 54.27380952380952
10.15 0.262691097416017 56.83619047619046
10.25 0.27295685002655246 59.55142857142857
10.350000000000001 0.27503201425742146 62.34095238095239
10.450000000000001 0.2878933041201716 65.31761904761906
10.55 0.29172477332131147 68.3919047619048
10.65 0.29332251655322317 71.54190476190477
10.75 0.2925039905183171 74.74238095238094
10.850000000000001 0.3049950504349241 78.14190476190474
10.950000000000001 0.30771312880799 81.6352380952381
11.05 0.3118073294656952 85.23999999999998
11.15 0.32132896629422847 89.02238095238094
11.25 0.3224371391130623 92.88619047619046
11.350000000000001 0.3304058808330562 96.91619047619042
11.450000000000001 0.3335215206142747 101.0561904761905
11.55 0.3389307483718458 105.33714285714292
11.65 0.3413266711540252 109.72333333333336
11.75 0.35506721333579877 114.3647619047619
11.850000000000001 0.36586178858610574 119.2290476190476
11.950000000000001 0.3589894118136205 124.08285714285714
12.05 0.3697855522835319 129.16666666666666
12.15 0.3917967174692521 134.64285714285722
12.25 0.3863310942888174 140.13190476190482
12.350000000000001 0.40311646779577176 145.9533333333333
12.450000000000001 0.41237117684867214 152.0052380952381
12.55 0.41288274710437434 158.162380952381
12.65 0.42696698065377703 164.63142857142856
12.75 0.43496047604049815 171.32619047619053
12.850000000000001 0.4455479653629668 178.29190476190487
12.950000000000001 0.4528787809776154 185.48285714285717
13.05 0.469560910502091 193.05428571428558
13.15 0.4801299767561652 200.91523809523807
13.25 0.48373880471179775 208.9561904761905
13.350000000000001 0.5009572743755099 217.40952380952376
13.450000000000001 0.49981900662955214 225.97047619047618
13.55 0.5054256839630993 234.75666666666675
13.65 0.5208833937093048 243.94571428571436
13.75 0.529880797450538 253.4309523809523
13.850000000000001 0.5401381203996992 263.2409523809524
13.950000000000001 0.5436126506307973 273.257142857143
14.05 0.5454052165058776 283.4509523809524
14.15 0.5600293003916226 294.067619047619
14.25 0.560667419767883 304.8471428571427
14.350000000000001 0.5778171502099477 316.1128571428571
14.450000000000001 0.5775070132674852 327.5299999999999
14.55 0.5891005199578982 339.33809523809504
14.65 0.5911855997715945 351.35142857142847
14.75 0.5947552484226876 363.6028571428572
14.850000000000001 0.600410513975571 376.1390476190476
14.950000000000001 0.6072344161112179 388.98904761904765
15.05 0.6116928960821483 402.10714285714306
15.15 0.6168795475060017 415.51285714285706
15.25 0.629036212266906 429.36380952380955
15.350000000000001 0.6288501208151701 443.39285714285717
15.450000000000001 0.6370018895355647 457.78952380952353
15.55 0.6347632066929266 472.32190476190465
15.65 0.6459592195178787 487.3014285714288
15.75 0.6530697875878465 502.6400000000001
15.850000000000001 0.6630330875091431 518.4109523809526
15.950000000000001 0.66692327985178 534.4752380952382
16.05 0.67136820589542 550.8500000000001
16.150000000000002 0.6706965464015456 567.4128571428569
16.25 0.6839895260614869 584.5138095238095
16.35 0.6877833230662863 601.921904761905
16.45 0.6869367969841815 619.5219047619048
16.55 0.6991892979327637 637.6542857142858
16.650000000000002 0.7006307642596036 656.0442857142859
16.75 0.712277679158098 674.9652380952382
16.85 0.720056775235267 694.3219047619044
16.95 0.7229817706751095 713.9885714285715
17.05 0.7291451758363116 734.0576190476188
17.150000000000002 0.7364156629778869 754.5652380952379
17.25 0.7426239396522651 775.4876190476191
17.35 0.751096609719253 796.8947619047617
17.45 0.7575760640003114 818.7361904761904
17.55 0.7637125255714345 841.0076190476193
17.650000000000002 0.7617023852114645 863.4742857142861
17.75 0.7741675632592083 886.5680952380956
17.85 0.775272772441343 909.9561904761904
17.95 0.7753531899027951 933.6095238095237
18.05 0.784893420512403 957.8214285714286
18.150000000000002 0.7941158350920106 982.5900000000005
18.25 0.7977439624338944 1007.7466666666666
18.35 0.8005141693649713 1033.2680952380954
18.45 0.8019217446420771 1059.11380952381
18.55 0.8109113158634227 1085.5333333333335
18.650000000000002 0.8181731387894248 1112.4776190476193
18.75 0.8150914601195662 1139.6090476190473
18.85 0.8238196395838638 1167.3242857142855
18.95 0.8286352279768208 1195.4980952380954
19.05 0.8407190471586059 1224.3852380952385
19.150000000000002 0.8397240336383578 1253.5419047619046
19.25 0.8534031375838583 1283.4838095238101
19.35 0.8583063388103124 1313.9114285714288
19.450000000000003 0.8574534913193825 1344.6238095238105
19.55 0.8699295386716179 1376.1042857142852
19.650000000000002 0.8699681575962582 1407.909047619048
19.75 0.8775171917277248 1440.3171428571427
19.85 0.8801603135233301 1473.1528571428566
19.950000000000003 0.8868386551857149 1506.571904761905
20.05 0.8855960642213521 1540.2795238095234
20.150000000000002 0.9007595880961067 1574.9071428571424
20.25 0.9014028099193285 1609.9042857142856
20.35 0.9073943274215313 1645.4828571428568
20.450000000000003 0.9139714577619772 1681.6723809523808
20.55 0.9188653980321628 1718.4123809523808
20.650000000000002 0.9176539211264442 1755.4619047619044
20.75 0.921480943071689 1793.0271428571434
20.85 0.926719643611389 1831.170952380952
20.950000000000003 0.9320113740413507 1869.9014285714293
21.05 0.9403163835655857 1909.350952380952
21.150000000000002 0.9459382411479094 1949.4142857142856
21.25 0.9518806650305598 1990.1114285714282
21.35 0.957637410664556 2031.4409523809516
21.450000000000003 0.9539652016060515 2072.9985714285713
21.55 0.9580306108876634 2115.1233333333334
21.650000000000002 0.9580746424799247 2157.6419047619065
21.75 0.9616283176486861 2200.7133333333336
21.85 0.9668362138249411 2244.4171428571426
21.950000000000003 0.9670972437396139 2288.5338095238094
22.05 0.9775959869580101 2333.536666666666
22.150000000000002 0.9795730153435185 2379.040476190476
22.25 0.9846447413290839 2425.193809523811
22.35 0.9864453278334401 2471.8480952380946
22.450000000000003 0.9894421569659444 2519.063809523809
22.55 0.9915855683723437 2566.8042857142855
22.650000000000002 0.9949565022376046 2615.132857142857
22.75 0.9911167713147553 2663.700952380952
22.85 0.9902728474644757 2712.6552380952385
22.950000000000003 0.9960901733856692 2762.3290476190473
23.05 1.0014760378778624 2812.707619047619
23.150000000000002 0.9982294319991355 2863.3595238095236
23.25 1.0054406366993442 2914.819047619048
23.35 1.0020682548342932 2966.548095238096
23.450000000000003 0.9994941176965805 3018.5871428571427
23.55 1.010883895724498 3071.669047619048
23.650000000000002 0.9988014512062806 3124.5628571428565
23.75 1.0141258651987948 3178.723333333332
23.85 1.006682838103925 3232.94
23.950000000000003 1.0051417619094025 3287.5285714285715
24.05 1.0124520183703374 3342.974285714286
24.150000000000002 1.0144846232097238 3398.9942857142846
24.25 1.0192374562703 3455.743809523809
24.35 1.0185087872283298 3512.9214285714284
24.450000000000003 1.0193395911602519 3570.6166666666677
24.55 1.017461106541984 3628.677619047621
24.650000000000002 1.0163244389840684 3687.1471428571404
24.75 1.0176934930518666 3746.1714285714274
24.85 1.017223992096399 3805.6461904761895
24.950000000000003 1.025293414483447 3866.076190476191
25.05 1.0194401156867532 3926.643809523808
25.150000000000002 1.0262661148593832 3988.1047619047617
25.25 1.0191394446124005 4049.6252380952387
25.35 1.0247326843016387 4111.9742857142855
25.450000000000003 1.027884981053353 4175.009523809525
25.55 1.0326592883371941 4238.83619047619
25.650000000000002 1.031082577102934 4303.065238095239
25.75 1.029696376090199 4367.709047619047
25.85 1.031928523275385 4432.9971428571425
25.950000000000003 1.0332069774843433 4498.872857142857
26.05 1.0336275795196006 4565.284285714287
26.150000000000002 1.0372403224662965 4632.440476190476
26.25 1.0401039160221632 4700.298095238096
26.35 1.043205720321007 4768.877619047616
26.450000000000003 1.0446997224902956 4838.077619047618
26.55 1.0404908126453187 4907.520952380952
26.650000000000002 1.0431774766034523 4977.669047619046
26.75 1.050539276070176 5048.843333333334
26.85 1.0438518051937131 5120.0942857142845
26.950000000000003 1.0492626542049084 5192.24904761905
27.05 1.046000627146674 5264.714285714286
27.150000000000002 1.0407998897799264 5337.353333333333
27.25 1.047533888273161 5411.0019047619035
27.35 1.0485342580298975 5485.262857142857
27.450000000000003 1.046855759895894 5559.948095238094
27.55 1.0483612321327564 5635.286666666668
27.650000000000002 1.0470217142847613 5711.076190476189
27.75 1.0491814846161536 5787.57238095238
27.85 1.0446497925100895 5864.288095238095
27.950000000000003 1.0481327132028644 5941.8133333333335
28.05 1.0435684015262032 6019.554285714285
28.150000000000002 1.0450465319863096 6097.96142857143
28.25 1.0494521768020055 6177.259523809525
28.35 1.0466673307824115 6256.908095238095
28.450000000000003 1.052147483372029 6337.539523809521
28.55 1.0519041784522996 6418.72
28.650000000000002 1.0477232913482841 6500.1452380952405
28.75 1.0520206346151695 6582.47619047619
28.85 1.050553252714857 6665.265238095238
28.950000000000003 1.0517214260238124 6748.721904761903
29.05 1.054380290482723 6832.968571428574
29.150000000000002 1.0528288345433228 6917.67142857143
29.25 1.0523614318619803 7002.9185714285695
29.35 1.0501535867644125 7088.569523809522
29.450000000000003 1.0534487849714043 7175.075714285711
29.55 1.0504664053714554 7261.923809523811
29.650000000000002 1.053364200218342 7349.601904761909
29.75 1.0521931600448564 7437.7742857142875
29.85 1.050398886657741 7526.389047619047
29.950000000000003 1.0591348613393938 7616.340476190479
30.05 1.0516017467268963 7706.249523809523
30.150000000000002 1.05141517041088 7796.741904761908
30.25 1.0506199737056519 7887.766666666666
30.35 1.0535962567384467 7979.653809523807
30.450000000000003 1.0559412940154878 8072.353333333332
30.55 1.056939778366 8165.7509523809495
30.650000000000002 1.0544710304343219 8259.541428571427
30.75 1.055490593031195 8354.03619047619
30.85 1.049937821472696 8448.646190476189
30.950000000000003 1.0527986228210156 8544.130000000001
31.05 1.0450840176110432 8639.52761904762
31.150000000000002 1.0571481201061443 8736.649047619048
31.25 1.0578351298885265 8834.458571428571
31.35 1.0535638971861212 8932.497619047614
31.450000000000003 1.0560374857851902 9031.394761904763
31.55 1.054259845853192 9130.754285714293
31.650000000000002 1.0510777371273934 9230.442857142862
31.75 1.0497956633118084 9330.640000000001
31.85 1.0530751790087327 9431.784285714286
31.950000000000003 1.050824247002777 9533.34714285714
32.050000000000004 1.0623588428107242 9636.66857142857
32.15 1.0587820335119673 9740.285714285716
32.25 1.0600744484722706 9844.675714285717
32.35 1.057908917463992 9949.499523809522
32.45 1.0558740875896648 10054.769523809522
32.550000000000004 1.0618286428066346 10161.286666666665
32.65 1.059514381962522 10268.225714285714
32.75 1.0597969599889807 10375.849523809518
32.85 1.0637104187068724 10484.531428571427
32.95 1.0654723354016007 10594.057142857144
33.050000000000004 1.0614609837927274 10703.833809523809
33.15 1.0676433770632365 10814.919047619049
33.25 1.061217476283574 10926.002857142857
33.35 1.0610579740482153 11037.739047619049
33.45 1.0629985314465438 11150.351904761903
33.550000000000004 1.066720159436344 11264.035714285714
33.65 1.0624904104192934 11377.944761904762
33.75 1.062049493380678 11492.484285714287
33.85 1.062003443069794 11607.698571428573
33.95 1.0625024013471869 11723.649047619041
34.050000000000004 1.061992474835038 11840.227619047624
34.15 1.064816846016428 11957.803809523806
34.25 1.0671314192701782 12076.326666666668
34.35 1.069707929885188 12195.830476190476
34.45 1.0706304631445407 12316.13476190476
34.550000000000004 1.0701887952521305 12437.088571428569
34.65 1.0723399469638044 12558.98809523809
34.75 1.067647312144825 12681.055714285714
34.85 1.0712398047722977 12804.239999999998
34.95 1.0664895461327515 12927.58285714286
35.050000000000004 1.0725307656280807 13052.335238095238
35.15 1.0705848806154534 13177.572857142857
35.25 1.0634223559250167 13302.681428571424
35.35 1.0718269633120108 13429.495238095238
35.45 1.069850623407972 13556.792380952382
35.550000000000004 1.06979769055181 13684.802380952384
35.65 1.072771676099631 13813.891428571433
35.75 1.0768959245421037 13944.20476190476
35.85 1.071686999621669 14074.614285714286
35.95 1.0712280324473265 14205.696190476192
36.050000000000004 1.0748404723188667 14337.952857142864
36.15 1.0714191168884788 14470.520952380954
36.25 1.073982162348977 14604.142380952382
36.35 1.0746128749897141 14738.580952380957
36.45 1.0762766616159645 14873.969523809523
36.550000000000004 1.078117005937674 15010.334761904758
36.65 1.0786744174765914 15147.518095238098
36.75 1.0832316630270564 15286.033809523806
36.85 1.0835235579406595 15425.341904761908
36.95 1.0814056828634337 15565.133333333333
37.050000000000004 1.0849335669717115 15706.140952380953
37.15 1.084650694119315 15847.873809523811
37.25 1.0803246146281695 15989.802380952378
37.35 1.0852082427800707 16133.139047619048
37.45 1.0867610850110803 16277.450476190475
37.550000000000004 1.0858814529268608 16422.416190476182
37.65 1.0855741500530385 16568.113809523817
37.75 1.0908840308091552 16715.302857142848
37.85 1.0918397384045635 16863.402380952375
37.95 1.0878707362669757 17011.744285714285
38.050000000000004 1.0860438822646312 17160.61857142857
38.15 1.085216433007846 17310.16238095238
38.25 1.0891404121833745 17461.03476190476
38.35 1.0842475084759822 17612.015714285717
38.45 1.0915151748698109 17764.80238095238
38.550000000000004 1.0884892702074804 17917.959047619046
38.650000000000006 1.0889108075466287 18071.97095238095
38.75 1.0916514215106377 18227.17047619048
38.85 1.0850524885173132 18382.229047619043
38.95 1.0896059578145059 18538.74095238095
39.050000000000004 1.0904936918391752 18696.185714285715
39.150000000000006 1.0925263144633288 18854.732857142855
39.25 1.093290049039666 19014.202380952367
39.35 1.0928366208474212 19174.419047619045
39.45 1.0967558457728097 19336.028571428575
39.550000000000004 1.0987630522568979 19498.755714285715
39.650000000000006 1.094539375419059 19661.678095238094
39.75 1.0966212143346281 19825.73476190476
39.85 1.1003406239226512 19991.177142857152
39.95 1.1015668712982518 20157.636190476198
40.050000000000004 1.0999828051228528 20324.689047619053
40.150000000000006 1.100706471635903 20492.68761904761
40.25 1.1028374271335448 20661.850952380963
40.35 1.1043283011599154 20832.085714285706
40.45 1.1028185707156315 21002.931428571428
40.550000000000004 1.1036991222294186 21174.76000000001
40.650000000000006 1.1045059295176345 21347.56333333333
40.75 1.1038044207473174 21521.107619047616
40.85 1.1050465497252098 21695.700952380947
40.95 1.1062843902186483 21871.34666666666
41.050000000000004 1.1109174613969257 22048.590476190482
41.150000000000006 1.1093056670057344 22226.440476190477
41.25 1.1115034503638095 22405.510000000002
41.35 1.1097019009305462 22585.15714285714
41.45 1.1139555263297627 22766.366190476194
41.550000000000004 1.1144672389140684 22948.534285714282
41.650000000000006 1.1141059171249823 23131.520952380957
41.75 1.1172179333987482 23315.90095238096
41.85 1.120726876169449 23501.747142857137
41.95 1.11823374662646 23688.06714285714
42.050000000000004 1.1197963193103804 23875.5380952381
42.150000000000006 1.122025060020391 24064.27666666667
42.25 1.1204137328552857 24253.639523809525
42.35 1.1209391006493612 24443.989047619045
42.45 1.1229319092755232 24635.57857142858
42.550000000000004 1.1239685784836273 24828.24952380952
42.650000000000006 1.122945457457882 25021.65095238096
42.75 1.1256677970296998 25216.431428571428
42.85 1.120861036897805 25411.287142857138
42.95 1.1251906091520467 25607.54571428572
43.050000000000004 1.1225333458773634 25803.79666666668
43.150000000000006 1.124820559134575 26000.904285714292
43.25 1.1241908316353642 26198.358095238105
43.35 1.1274915335076958 26396.849523809524
43.45 1.1238765148503904 26595.160952380946
43.550000000000004 1.1274804933904055 26794.566190476184
43.650000000000006 1.1293514029626333 26994.76095238093
43.75 1.128592547871965 27195.279523809524
43.85 1.1258663690078732 27395.770952380946
43.95 1.127901599160279 27597.08285714287
44.050000000000004 1.129022535077313 27799.05333333333
44.150000000000006 1.1304677239169525 28001.741428571437
44.25 1.127128626764128 28204.288571428577
44.35 1.1272469666686418 28407.314761904767
44.45 1.1302190558194818 28611.335238095242
44.550000000000004 1.1339858406694983 28816.49619047619
44.650000000000006 1.1317638831460635 29021.71476190477
44.75 1.1312602810691286 29227.301428571423
44.85 1.1310334410434728 29433.30619047618
44.95 1.1310815159364105 29639.779047619053
45.050000000000004 1.127480203522506 29846.052380952387
45.150000000000006 1.1332754590695888 30053.84619047619
45.25 1.130299215788902 30261.523333333345
45.35 1.1289606446634448 30469.03000000002
45.45 1.1294745425755437 30676.60285714285
45.550000000000004 1.129103568455219 30884.077142857128
45.650000000000006 1.129487994838376 31091.589523809525
45.75 1.1292775832272544 31299.028571428582
45.85 1.1222571019523895 31505.14142857143
45.95 1.1247603762653675 31711.675238095242
46.050000000000004 1.1253153094632682 31918.269999999997
46.150000000000006 1.1187268996767539 32123.612380952385
46.25 1.1202770507516604 32329.194285714286
46.35 1.1217771674114796 32535.004285714287
46.45 1.1210672891449662 32740.634761904777
46.550000000000004 1.122157814235834 32946.413809523816
46.650000000000006 1.1140733190978758 33150.65714285715
46.75 1.1157468949941451 33355.15190476191
46.85 1.1151744986540522 33559.48428571428
46.95 1.114150566986248 33763.56952380953
47.050000000000004 1.1108491752550098 33966.988571428585
47.150000000000006 1.1056323293656285 34169.38904761904
47.25 1.11245821436638 34372.97333333335
47.35 1.1039114863824748 34574.92619047619
47.45 1.1039917126171683 34776.8242857143
47.550000000000004 1.1055655402030629 34978.93857142857
47.650000000000006 1.1017893977888016 35180.28904761905
47.75 1.0973311070094445 35380.74952380952
47.85 1.0953059591254062 35580.76285714286
47.95 1.0984480508745345 35781.27047619049
48.050000000000004 1.096347944274514 35981.313333333346
48.150000000000006 1.0934141733910685 36180.73761904762
48.25 1.0904474862301519 36379.5357142857
48.35 1.0909336851175402 36578.33523809524
48.45 1.0870788140310317 36776.34333333334
48.550000000000004 1.0857269525685562 36974.01428571427
48.650000000000006 1.07949965272834 37170.45904761906
48.75 1.0820322965337537 37367.270000000004
48.85 1.080259450145429 37563.66190476192
48.95 1.0783414818597883 37759.60666666669
49.050000000000004 1.0770568351103365 37955.217619047624
49.150000000000006 1.076786828608217 38150.67714285714
49.25 1.0740395251051766 38345.53380952382
49.35 1.0719911526228412 38539.91285714287
49.45 1.070337986120875 38733.8842857143
49.550000000000004 1.067529454126956 38927.237142857135
49.650000000000006 1.065060334587178 39120.03142857141
49.75 1.0653474832874317 39312.76428571428
49.85 1.064426699504783 39505.21523809522
49.95 1.062127117871572 39697.13333333332
50.050000000000004 1.0594297435885054 39888.445238095264
