0.05 0.0 0.0
0.15000000000000002 0.0 0.0
0.25 0.0 0.0
0.35000000000000003 0.0 0.0
0.45 0.0 0.0
0.55 0.0 0.0
0.65 0.0 0.0
0.75 0.0 0.0
0.8500000000000001 0.0 0.0
0.9500000000000001 0.0 0.0
1.05 0.0 0.0
1.1500000000000001 0.0 0.0
1.25 0.0 0.0
1.35 0.0 0.0
1.4500000000000002 0.0 0.0
1.55 0.0 0.0
1.6500000000000001 0.005288530666389281 0.0013636363636363635
1.75 0.036045259249953235 0.011818181818181814
1.85 0.09115463195021181 0.04136363636363635
1.9500000000000002 0.11360375690902831 0.08227272727272734
2.0500000000000003 0.09022935099147861 0.11818181818181835
2.15 0.09137808238181297 0.1581818181818183
2.25 0.1052448936894545 0.20863636363636373
2.35 0.14515426183695204 0.2845454545454547
2.45 0.17433260093798453 0.3836363636363638
2.5500000000000003 0.19710145071510204 0.5049999999999999
2.6500000000000004 0.22488847071836304 0.6545454545454545
2.75 0.2811933586920732 0.8559090909090906
2.85 0.29726808451420356 1.084545454545454
2.95 0.3160702201830905 1.3450000000000004
3.0500000000000003 0.31890730498554304 1.6259090909090912
3.1500000000000004 0.3686480708188682 1.972272727272727
3.25 0.36176509154667835 2.33409090909091
3.35 0.4055095156528226 2.765
3.45 0.4234823142128298 3.242272727272727
3.5500000000000003 0.40872280806789846 3.7300000000000004
3.6500000000000004 0.4496931435194029 4.297272727272728
3.75 0.42193424423543435 4.85909090909091
3.85 0.4113129850939851 5.436363636363636
3.95 0.4399802935875002 6.086363636363638
4.05 0.44515543265618884 6.777727272727275
4.15 0.451835533691201 7.5145454545454555
4.25 0.4411890914910785 8.26909090909091
4.3500000000000005 0.4330623773958761 9.045
4.45 0.45696993828869903 9.901818181818182
4.55 0.43687299310712313 10.75818181818182
4.65 0.4573610236959314 11.694545454545457
4.75 0.45383937261144464 12.664090909090902
4.8500000000000005 0.4455223001909503 13.656363636363642
4.95 0.46688879192085536 14.739545454545453
5.050000000000001 0.47474752478097904 15.885909090909095
5.15 0.48744186209656276 17.11
5.25 0.49535029841687667 18.402727272727272
5.3500000000000005 0.5123958227093017 19.79136363636363
5.45 0.49586646740066814 21.18590909090909
5.550000000000001 0.4963937391657304 22.63363636363635
5.65 0.5111607586071385 24.178636363636357
5.75 0.49890871892515976 25.74045454545454
5.8500000000000005 0.5242221468440127 27.439090909090908
5.95 0.5360400442112017 29.235909090909082
6.050000000000001 0.5376155918905304 31.099090909090897
6.15 0.5606375383203113 33.106818181818184
6.25 0.5554995473467299 35.161363636363646
6.3500000000000005 0.5540953775416484 37.27681818181817
6.45 0.5607036002730598 39.48545454545453
6.550000000000001 0.5707932938958029 41.80409090909091
6.65 0.5841523010085635 44.25000000000001
6.75 0.579511121257841 46.75
6.8500000000000005 0.5827680031751684 49.3390909090909
6.95 0.5914627833016505 52.04409090909091
7.050000000000001 0.5860073370171395 54.8018181818182
7.15 0.582971225879983 57.623636363636344
7.25 0.5985105961114744 60.602272727272705
7.3500000000000005 0.591133316800048 63.62590909090906
7.45 0.5917184329654751 66.73545454545454
7.550000000000001 0.5921495720965234 69.9313636363636
7.65 0.5896490295858265 73.19863636363634
7.75 0.5896372703461926 76.5518181818182
7.8500000000000005 0.5902916974809729 79.9959090909091
7.95 0.5860933713422181 83.5031818181818
8.05 0.5863651462269251 87.10090909090908
8.15 0.5980113469737366 90.86181818181824
8.25 0.5842369508697266 94.62681818181815
8.35 0.567159875379239 98.3709090909091
8.450000000000001 0.5790959596096077 102.28590909090906
8.55 0.5855933828361933 106.33909090909087
8.65 0.5777141549454016 110.43181818181816
8.75 0.5793829521387666 114.6318181818182
8.85 0.5783774393283713 118.9209090909091
8.950000000000001 0.5636672278793872 123.19590909090913
9.05 0.5724396623209136 127.63500000000006
9.15 0.580122638084029 132.2336363636364
9.25 0.573202087188952 136.87727272727273
9.35 0.5719896676331969 141.6118181818182
9.450000000000001 0.5780110754773277 146.4990909090909
9.55 0.5796030009129707 151.50409090909093
9.65 0.5816753357285667 156.63272727272727
9.75 0.5723298858126052 161.7840909090909
9.850000000000001 0.5764535370555358 167.07954545454547
9.950000000000001 0.5762233515752676 172.4809090909091
10.05 0.574699856360458 177.9768181818182
10.15 0.5699088928161006 183.53590909090912
10.25 0.5826498572148531 189.33181818181814
10.350000000000001 0.5757477112143994 195.17136363636365
10.450000000000001 0.5761676133257102 201.12863636363633
10.55 0.5789267774719182 207.22954545454544
10.65 0.580042101997889 213.45863636363623
10.75 0.5849624819105448 219.85909090909084
10.850000000000001 0.5734954811572353 226.25136363636358
10.950000000000001 0.5796447301032194 232.83181818181825
11.05 0.5692796012369989 239.41318181818195
11.15 0.579001161302284 246.2286363636363
11.25 0.574633095597393 253.1145454545455
11.350000000000001 0.584526984081489 260.24409090909097
11.450000000000001 0.5731531445602357 267.3586363636363
11.55 0.5794296873811144 274.67727272727274
11.65 0.5722134243860204 282.03045454545446
11.75 0.5703389438979319 289.48590909090905
11.850000000000001 0.5677280206758264 297.03409090909093
11.950000000000001 0.5780336901491723 304.84954545454536
12.05 0.588184987898109 312.9359090909091
12.15 0.5821851445012867 321.07318181818187
12.25 0.5844599556488344 329.3772727272728
12.350000000000001 0.5908342946900285 337.90954545454554
12.450000000000001 0.5952877145031834 346.64590909090913
12.55 0.5928799430235214 355.4872727272727
12.65 0.5988737987219349 364.56090909090915
12.75 0.5996460429296299 373.7904545454546
12.850000000000001 0.6159636658145532 383.42045454545456
12.950000000000001 0.6081764715740031 393.0772727272726
13.05 0.6041066225078788 402.8181818181817
13.15 0.6126662413489773 412.84909090909105
13.25 0.6105084460335822 422.99727272727307
13.350000000000001 0.6110669505955216 433.3086363636363
13.450000000000001 0.6106921959964813 443.7686363636364
13.55 0.6084315583853165 454.34545454545434
13.65 0.6119429600750842 465.14090909090885
13.75 0.6174465925337457 476.19363636363636
13.850000000000001 0.6160207439309705 487.381818181818
13.950000000000001 0.6197528183635259 498.80090909090893
14.05 0.6154856304563631 510.3045454545455
14.15 0.6300509458994151 522.2486363636364
14.25 0.6317598513531446 534.3949999999998
14.350000000000001 0.6323109839990282 546.7231818181815
14.450000000000001 0.6324645125053115 559.2268181818182
14.55 0.6335518901814717 571.925909090909
14.65 0.6468981767251483 585.0713636363637
14.75 0.6453279802029471 598.3645454545457
14.850000000000001 0.6475728006931689 611.8854545454543
14.950000000000001 0.6518265154337114 625.6790909090909
15.05 0.6644732799208033 639.9290909090911
15.15 0.6620052688810487 654.3154545454548
15.25 0.665469184721405 668.9686363636365
15.350000000000001 0.6639988279299245 683.7818181818183
15.450000000000001 0.6657084724039817 698.827272727273
15.55 0.6688878413085257 714.1409090909091
15.65 0.6723042720295213 729.7313636363634
15.75 0.6781736073076668 745.6595454545458
15.850000000000001 0.6793891982762245 761.8195454545453
15.950000000000001 0.6733124151169433 778.0377272727274
16.05 0.6826902905770167 794.6886363636366
16.150000000000002 0.6902388517195642 811.7340909090912
16.25 0.6916963381184839 829.0277272727272
16.35 0.6960837168892345 846.645909090909
16.45 0.6986636880690614 864.5463636363637
16.55 0.6998161107938613 882.6950000000003
16.650000000000002 0.7025183700064102 901.1345454545454
16.75 0.7118824890136469 920.0450000000001
16.85 0.7105934682106729 939.1472727272728
16.95 0.7113071189699091 958.4963636363633
17.05 0.7153406541992896 978.1854545454537
17.150000000000002 0.7206847166048685 998.2550000000005
17.25 0.7201780605103529 1018.5449999999997
17.35 0.7230640538725405 1039.1531818181816
17.45 0.7248277542512804 1060.0504545454544
17.55 0.7296685556505595 1081.3290909090906
17.650000000000002 0.7315178477451677 1102.905454545455
17.75 0.7421627880057841 1125.0445454545454
17.85 0.7438451415764195 1147.484545454546
17.95 0.7536688092842931 1170.4763636363637
18.05 0.7525613604811401 1193.6909090909091
18.150000000000002 0.7600745070065925 1217.397727272727
18.25 0.7638467868254586 1241.4854545454546
18.35 0.7693311249841923 1266.0127272727273
18.45 0.7690106847594362 1290.797727272728
18.55 0.7772187360345398 1316.119545454546
18.650000000000002 0.7781539505055917 1341.7459090909092
18.75 0.7856343656304866 1367.896818181818
18.85 0.7931423555831595 1394.5800000000004
18.95 0.7873603918053462 1421.350454545455
19.05 0.7932840041931897 1448.607727272727
19.150000000000002 0.803884974593325 1476.5200000000002
19.25 0.8034833638778704 1504.7104545454542
19.35 0.8143431690854821 1533.579545454545
19.450000000000003 0.8122727399560182 1562.6736363636373
19.55 0.8251117168627833 1592.5322727272721
19.650000000000002 0.8278131447194987 1622.7959090909085
19.75 0.828965375082108 1653.4109090909085
19.85 0.8335736249884127 1684.5086363636365
19.950000000000003 0.8423542731489307 1716.2513636363633
20.05 0.84382503624121 1748.3690909090913
20.150000000000002 0.8507351560035231 1781.0736363636363
20.25 0.8497058980107377 1814.0636363636365
20.35 0.8615236404822137 1847.8436363636365
20.450000000000003 0.8651377490781056 1882.099545454546
20.55 0.8674358555382559 1916.7831818181814
20.650000000000002 0.8703244772565298 1951.9218181818173
20.75 0.8689359802715029 1987.3449999999998
20.85 0.8767662741198261 2023.4327272727273
20.950000000000003 0.8770136044774357 2059.8777272727275
21.05 0.8882353760775737 2097.1422727272725
21.150000000000002 0.8861986519787572 2134.6754545454546
21.25 0.8963020465115535 2172.996363636364
21.35 0.9023966600715828 2211.9418181818187
21.450000000000003 0.9017236420193188 2251.223636363636
21.55 0.9077746699206476 2291.138636363637
21.650000000000002 0.9038123367550499 2331.249090909091
21.75 0.9134222220808637 2372.1613636363622
21.85 0.9135976758085594 2413.4586363636367
21.950000000000003 0.9225304586432853 2455.5422727272717
22.05 0.9248162081214467 2498.1154545454538
22.150000000000002 0.9285202908553385 2541.247727272727
22.25 0.9307047560410512 2584.872727272728
22.35 0.9311407605960398 2628.911363636364
22.450000000000003 0.9347516514790827 2673.517272727273
22.55 0.9391589111345855 2718.7336363636364
22.650000000000002 0.9490012920678792 2764.829999999999
22.75 0.951121316453322 2811.438181818182
22.85 0.9499773688551351 2858.400454545454
22.950000000000003 0.9515881077552436 2905.8550000000005
23.05 0.9587645686883463 2954.0850000000005
23.150000000000002 0.961401315634215 3002.8681818181826
23.25 0.9632113095111727 3052.166363636362
23.35 0.9702998648486059 3102.255454545454
23.450000000000003 0.9775121016250137 3153.1499999999996
23.55 0.9694791831371382 3204.057727272728
23.650000000000002 0.9793657090029757 3255.9222727272736
23.75 0.9775446669211987 3308.1290909090917
23.85 0.9811212019442621 3360.9690909090905
23.950000000000003 0.9824698048738616 3414.326363636365
24.05 0.991348398797483 3468.616363636363
24.150000000000002 0.9871724621324311 3523.1281818181815
24.25 0.9931791084567694 3578.4268181818184
24.35 0.9926088955437732 3634.150454545455
24.450000000000003 0.9949620507260776 3690.465909090908
24.55 0.9987813390809072 3747.4609090909103
24.650000000000002 0.9960588403070507 3804.764545454546
24.75 0.9989199258304791 3862.7000000000007
24.85 1.0037085595605515 3921.384545454546
24.950000000000003 1.0050645649792112 3980.622272727273
25.05 1.010215249068033 4040.641818181819
25.150000000000002 1.0095523564263527 4101.101818181818
25.25 1.0087251855970576 4161.993636363636
25.35 1.0154548550417792 4223.778181818181
25.450000000000003 1.0162886496354466 4286.102272727274
25.55 1.0193727990224126 4349.107727272729
25.650000000000002 1.021502422699724 4412.740000000001
25.75 1.020744545241966 4476.8218181818165
25.85 1.0268433080388992 4541.788181818182
25.950000000000003 1.0245908595393765 4607.114545454548
26.05 1.0318084105032224 4673.409090909089
26.150000000000002 1.0299275919145212 4740.091818181819
26.25 1.031006471257424 4807.355909090908
26.35 1.0293634745230003 4875.0254545454545
26.450000000000003 1.0368562399442733 4943.705909090908
26.55 1.0342432274845386 5012.732272727273
26.650000000000002 1.0432801578248874 5082.887272727273
26.75 1.0436259922358222 5153.593181818182
26.85 1.0448433996236324 5224.911818181821
26.950000000000003 1.043832758133847 5296.69318181818
27.05 1.04101072124877 5368.81272727273
27.150000000000002 1.0444281954002368 5441.705
27.25 1.054116371972268 5515.816363636363
27.35 1.0478854292158066 5590.031363636367
27.450000000000003 1.0492544100570433 5664.887727272726
27.55 1.058754358652511 5740.973181818183
27.650000000000002 1.054695540480826 5817.318181818186
27.75 1.052774819963129 5894.0763636363645
27.85 1.0544567969917475 5971.512272727275
27.950000000000003 1.055688341930441 6049.596363636367
28.05 1.053849126486667 6128.103181818181
28.150000000000002 1.0560987686575853 6207.339545454545
28.25 1.0581518454885979 6287.294999999999
28.35 1.0700353931256568 6368.721818181817
28.450000000000003 1.0650056854041803 6450.338636363638
28.55 1.0641311609971045 6532.4627272727275
28.650000000000002 1.0619152035195811 6614.990909090909
28.75 1.0623644112410187 6698.131363636364
28.85 1.0624185029869007 6781.855454545455
28.950000000000003 1.0647950526999412 6866.349545454545
29.05 1.0627561236117422 6951.265454545458
29.150000000000002 1.0656806323731947 7037.002272727275
29.25 1.064601250009598 7123.240909090907
29.35 1.0646821647256577 7210.0768181818175
29.450000000000003 1.0668021108967443 7297.679545454546
29.55 1.0660870711197536 7385.819090909087
29.650000000000002 1.0665642522009207 7474.595909090907
29.75 1.0640764147380504 7563.764090909089
29.85 1.0656173477044388 7653.662727272731
29.950000000000003 1.0685697686262474 7744.415454545454
30.05 1.0655952618060076 7835.520909090909
30.150000000000002 1.0683826792674966 7927.473636363636
30.25 1.0639538862789437 8019.653636363633
30.35 1.064834620781301 8112.520909090908
30.450000000000003 1.0659190306505448 8206.096363636369
30.55 1.0591888834686904 8299.692727272728
30.650000000000002 1.0598826799558676 8393.964545454544
30.75 1.0605806031637084 8488.914999999999
30.85 1.0574084805112431 8584.198181818181
30.950000000000003 1.0571218885799945 8680.07409090909
31.05 1.0519968328195273 8776.102727272731
31.150000000000002 1.051447731926495 8872.700454545458
31.25 1.048489998795061 8969.64590909091
31.35 1.0472630817042217 9067.09863636364
31.450000000000003 1.0463994248242978 9165.093181818183
31.55 1.0431382830656768 9263.404545454547
31.650000000000002 1.040443750104781 9362.084545454545
31.75 1.0333714728794328 9460.714090909092
31.85 1.0373468823074417 9560.347727272727
31.950000000000003 1.0359803201957072 9660.47590909091
32.050000000000004 1.0334468452176426 9760.985454545453
32.15 1.040474180759413 9862.810909090911
32.25 1.0318252447665417 9964.419090909088
32.35 1.0326719378020368 10066.742272727275
32.45 1.0341588087862872 10169.847272727273
32.550000000000004 1.0327532929763867 10273.447727272727
32.65 1.0322057317244384 10377.630454545453
32.75 1.030074508754614 10482.235909090907
32.85 1.0298497070438577 10587.458181818181
32.95 1.0295467491317805 10693.290909090907
33.050000000000004 1.025905880710622 10799.390454545452
33.15 1.0274014603131678 10906.288636363637
33.25 1.0214740746045443 11013.21227272727
33.35 1.026083757651413 11121.265454545459
33.45 1.0235749116518107 11229.701818181818
33.550000000000004 1.0191669363306493 11338.317727272723
33.65 1.0243454436761428 11448.13727272727
33.75 1.0223050698930134 11558.390454545457
33.85 1.0192653312253974 11668.968181818182
33.95 1.0190717782908083 11780.179090909092
34.050000000000004 1.0209415745581345 11892.251363636367
34.15 1.0196228686993465 12004.837272727276
34.25 1.020164241348637 12118.14363636364
34.35 1.012540471517279 12231.260909090914
34.45 1.0167269585349106 12345.508181818186
34.550000000000004 1.01885328007659 12460.659999999998
34.65 1.0191507806102755 12576.513181818184
34.75 1.0179530327692154 12692.899090909094
34.85 1.0217130381406547 12810.38818181818
34.95 1.019427637738429 12928.288181818178
35.050000000000004 1.0239395891694274 13047.388636363634
35.15 1.0190698647673475 13166.599999999999
35.25 1.0193427013761969 13286.522727272728
35.35 1.0172488014991732 13406.879090909091
35.45 1.0202430880842466 13528.27363636363
35.550000000000004 1.0191116270161742 13650.218636363636
35.65 1.021017610921007 13773.079999999996
35.75 1.0204485016985525 13896.562727272732
35.85 1.0206505414935196 14020.761818181816
35.95 1.0159572251429165 14145.080454545458
36.050000000000004 1.0128110749429393 14269.704545454544
36.15 1.0160579217687566 14395.422727272728
36.25 1.0190234110504002 14522.206363636365
36.35 1.0139039956944123 14649.050000000007
36.45 1.0175047942867073 14777.045454545454
36.550000000000004 1.0193404684618619 14905.976363636364
36.65 1.0158906365081923 15035.174999999997
36.75 1.0175819362877498 15165.295909090908
36.85 1.0164010086194384 15295.97409090909
36.95 1.0183861240663616 15427.619090909093
37.050000000000004 1.019163418970431 15560.078636363636
37.15 1.019698450129315 15693.324090909087
37.25 1.0183793142770212 15827.114545454546
37.35 1.019127939335388 15961.72318181818
37.45 1.0184266533699067 16096.960454545448
37.550000000000004 1.0177558252383903 16232.831363636365
37.65 1.0194010625482497 16369.647727272724
37.75 1.0223823554357179 16507.594090909086
37.85 1.0189308268065513 16645.80409090909
37.95 1.022571627855561 16785.241818181818
38.050000000000004 1.0218560561659868 16925.317272727276
38.15 1.020744694633336 17065.97681818182
38.25 1.0211961712191202 17207.43727272728
38.35 1.0177446049835508 17349.157727272734
38.45 1.0225437278258742 17492.290000000005
38.550000000000004 1.0177624607051319 17635.49500000001
38.650000000000006 1.0222950875555414 17780.085000000003
38.75 1.0214920368148308 17925.309999999998
38.85 1.0190106121416893 18070.930909090916
38.95 1.0192752637626574 18217.340454545454
39.050000000000004 1.0201031251012953 18364.622272727273
39.150000000000006 1.0205521668224784 18512.724545454545
39.25 1.022167577337786 18661.820000000007
39.35 1.0229379873545241 18811.7890909091
39.45 1.0204546392956042 18962.155454545453
39.550000000000004 1.0200028119841558 19113.218181818193
39.650000000000006 1.0223580769321343 19265.396363636362
39.75 1.0213072121868427 19418.185909090906
39.85 1.0177961969239133 19571.217272727277
39.95 1.0199174515130887 19725.338181818184
40.050000000000004 1.019122579605926 19880.110909090905
40.150000000000006 1.0235823356989047 20036.338181818188
40.25 1.020173861056024 20192.821818181816
40.35 1.0246624774115296 20350.775909090913
40.45 1.0201599081706707 20508.816363636364
40.550000000000004 1.0198555941916916 20667.591818181816
40.650000000000006 1.0268197381264355 20828.24090909091
40.75 1.026198096273043 20989.583636363644
40.85 1.0261571223749046 21151.712727272727
40.95 1.026333341211245 21314.664545454547
41.050000000000004 1.0278147394631743 21478.64954545454
41.150000000000006 1.0286005398122744 21643.56045454545
41.25 1.0274904099418094 21809.094999999998
41.35 1.031564947030595 21976.092727272717
41.45 1.0287954285134908 22143.448636363642
41.550000000000004 1.029847527062579 22311.784999999993
41.650000000000006 1.0311903974952794 22481.153181818183
41.75 1.0310158042003685 22651.306818181813
41.85 1.0344685298743008 22822.84909090909
41.95 1.0324887797800368 22994.88227272728
42.050000000000004 1.0313225171150335 23167.541363636374
42.150000000000006 1.0334091477115694 23341.37363636364
42.25 1.0315594329370448 23515.719090909097
42.35 1.0353769672331057 23691.53909090909
42.45 1.0327345091929643 23867.73954545455
42.550000000000004 1.033168074491955 24044.84545454546
42.650000000000006 1.0380992970560443 24223.634090909087
42.75 1.0364978394149185 24402.98499999999
42.85 1.0399618278208669 24583.77681818182
42.95 1.0381166285716392 24764.84772727272
43.050000000000004 1.0409649042726343 24946.838181818195
43.150000000000006 1.0388689297815954 25128.884090909072
43.25 1.0418886255072968 25311.88227272727
43.35 1.0426016125316202 25495.429090909092
43.45 1.0416832770099234 25679.23727272728
43.550000000000004 1.0383327053521287 25862.875909090915
43.650000000000006 1.0434901514598383 26047.850454545467
43.75 1.0444718192243938 26233.423181818187
43.85 1.0456889460378485 26419.63681818181
43.95 1.0467273580502094 26606.460454545453
44.050000000000004 1.0461882220882224 26793.612727272717
44.150000000000006 1.0463892631566598 26981.225909090914
44.25 1.0453929696301025 27169.084999999995
44.35 1.0457135129185435 27357.42636363637
44.45 1.0465588886199277 27546.345
44.550000000000004 1.046171901414502 27735.618636363644
44.650000000000006 1.043254798268247 27924.788181818174
44.75 1.0481394063646396 28115.269090909092
44.85 1.0523583669014034 28306.944090909095
44.95 1.0502064353290659 28498.65363636363
45.050000000000004 1.045967119212703 28690.01409090909
45.150000000000006 1.0488638510745478 28882.33045454546
45.25 1.0530004602038259 29075.805
45.35 1.0500678318019996 29268.81090909091
45.45 1.0472675513985552 29461.275909090917
45.550000000000004 1.049751197705143 29654.169090909087
45.650000000000006 1.0471052648729944 29846.545909090903
45.75 1.0484334185199453 30039.134545454523
45.85 1.046090129784735 30231.25863636365
45.95 1.046779241459776 30423.47318181819
46.050000000000004 1.046174619464249 30615.538636363635
46.150000000000006 1.0440847919878753 30807.18045454545
46.25 1.0449425118416271 30998.937727272736
46.35 1.0420381359722035 31190.11818181819
46.45 1.0446520060501652 31381.732272727277
46.550000000000004 1.0453717965509852 31573.43045454545
46.650000000000006 1.045584561663829 31765.117727272722
46.75 1.0410738230055214 31955.926363636358
46.85 1.0452638997878407 32147.449090909107
46.95 1.0430600191356574 32338.51227272726
47.050000000000004 1.0421514072752398 32529.35136363638
47.150000000000006 1.0421419305215605 32720.129090909093
47.25 1.040262993973264 32910.50136363637
47.35 1.0407291427682994 33100.89545454545
47.45 1.0402295884670307 33291.13272727272
47.550000000000004 1.0367070953251152 33480.658636363645
47.650000000000006 1.0355930274920904 33669.91181818182
47.75 1.0358698235520978 33859.144545454554
47.85 1.0361401479572765 34048.35363636364
47.95 1.0377312529601401 34237.77818181819
48.050000000000004 1.0342100776763938 34426.48318181819
48.150000000000006 1.0361945430230288 34615.47136363636
48.25 1.0346410287680214 34804.095454545466
48.35 1.0294351884915427 34991.68818181817
48.45 1.0323432657521634 35179.72636363637
48.550000000000004 1.030593520405514 35367.35954545455
48.650000000000006 1.0304589626035312 35554.87999999999
48.75 1.0283108051785341 35741.919545454555
48.85 1.031526783481671 35929.451818181806
48.95 1.0267369106415307 36116.01954545455
49.050000000000004 1.0279770699943085 36302.716818181805
49.150000000000006 1.0272585194115462 36489.18590909092
49.25 1.025141878354023 36675.17136363636
49.35 1.0268941233028048 36861.37318181818
49.45 1.0297801897567673 37047.99454545454
49.550000000000004 1.0271239830250625 37234.0290909091
49.650000000000006 1.0287267076511943 37420.24636363636
49.75 1.02692501618372 37606.02818181819
49.85 1.0305698186196055 37792.35772727271
49.95 1.0293294832260056 37978.34954545455
50.050000000000004 1.025938707642093 38163.61363636364
