0.05 0.0 0.0
0.15000000000000002 0.0 0.0
0.25 0.0 0.0
0.35000000000000003 0.0 0.0
0.45 0.0 0.0
0.55 0.0 0.0
0.65 0.0 0.0
0.75 0.0 0.0
0.8500000000000001 0.0 0.0
0.9500000000000001 0.0 0.0
1.05 0.0 0.0
1.1500000000000001 0.0 0.0
1.25 0.0 0.0
1.35 0.0 0.0
1.4500000000000002 0.0 0.0
1.55 0.0 0.0
1.6500000000000001 0.0 0.0
1.75 0.0 0.0
1.85 0.006611215064520857 0.002142857142857143
1.9500000000000002 0.00793423064126547 0.004999999999999999
2.0500000000000003 0.010768783300972124 0.009285714285714284
2.15 0.026108023537660854 0.02071428571428571
2.25 0.03426892934804633 0.03714285714285716
2.35 0.05190289259867058 0.06428571428571428
2.45 0.06408950794640182 0.10071428571428566
2.5500000000000003 0.10208357640033112 0.16357142857142848
2.6500000000000004 0.12889829845776782 0.2492857142857142
2.75 0.16657600771278222 0.3685714285714285
2.85 0.16623710832390398 0.4964285714285714
2.95 0.1880976353969177 0.6514285714285716
3.0500000000000003 0.19137387049063093 0.8200000000000001
3.1500000000000004 0.2151483772889271 1.022142857142857
3.25 0.24567823158877114 1.2678571428571426
3.35 0.261479086419293 1.5457142857142856
3.45 0.254780788224372 1.8328571428571425
3.5500000000000003 0.29988968116924364 2.1907142857142863
3.6500000000000004 0.3006705186924033 2.570000000000001
3.75 0.2993333785387307 2.9685714285714284
3.85 0.2544681010142766 3.3257142857142856
3.95 0.29009689687087925 3.7542857142857136
4.05 0.29296554114979906 4.209285714285713
4.15 0.3114308371374711 4.717142857142859
4.25 0.30613663035220023 5.240714285714286
4.3500000000000005 0.32172522588862584 5.817142857142857
4.45 0.33333350936178313 6.442142857142857
4.55 0.331596804746914 7.092142857142855
4.65 0.3433062219476252 7.795
4.75 0.3326817984885316 8.505714285714287
4.8500000000000005 0.34379942175588546 9.271428571428572
4.95 0.3186576881493278 10.010714285714286
5.050000000000001 0.35645057442913053 10.871428571428572
5.15 0.3546888771088299 11.762142857142855
5.25 0.35991772486438195 12.701428571428572
5.3500000000000005 0.3671471214110184 13.696428571428571
5.45 0.3758943047719725 14.75357142857143
5.550000000000001 0.3573277918757929 15.795714285714292
5.65 0.3778761225209499 16.937857142857144
5.75 0.3757994869768468 18.114285714285714
5.8500000000000005 0.3679114031082699 19.306428571428565
5.95 0.3910219468903583 20.617142857142852
6.050000000000001 0.3988132252950176 21.999285714285715
6.15 0.41307557684514407 23.47857142857143
6.25 0.39687317534048133 24.946428571428566
6.3500000000000005 0.39794246265399774 26.465714285714295
6.45 0.4099979196892736 28.080714285714294
6.550000000000001 0.4060150354737025 29.729999999999997
6.65 0.40157272101085134 31.41142857142858
6.75 0.3980413530011001 33.128571428571426
6.8500000000000005 0.406923253822228 34.936428571428586
6.95 0.40810463500586547 36.80285714285715
7.050000000000001 0.42241264470803863 38.79071428571429
7.15 0.41643484889926397 40.80642857142857
7.25 0.4212446773660692 42.90285714285713
7.3500000000000005 0.41823913585554473 45.042142857142856
7.45 0.40627122929963955 47.177142857142854
7.550000000000001 0.414638249043267 49.41500000000001
7.65 0.4301662876422399 51.79857142857144
7.75 0.41587131864053667 54.16357142857145
7.8500000000000005 0.4119543577793362 56.56714285714289
7.95 0.41574086010950156 59.05499999999999
8.05 0.4178162549931015 61.61857142857141
8.15 0.43000070023253956 64.32285714285715
8.25 0.42019394436485147 67.0307142857143
8.35 0.41733106770348033 69.78571428571432
8.450000000000001 0.42959390107145856 72.68999999999997
8.55 0.4255892952303155 75.63571428571433
8.65 0.42770352697312797 78.66571428571429
8.75 0.4425185098733335 81.87357142857141
8.85 0.45174244678360476 85.22357142857147
8.950000000000001 0.4596925211828385 88.70999999999998
9.05 0.45880081826490143 92.26785714285714
9.15 0.4532425700050737 95.86071428571428
9.25 0.4648329712532403 99.62642857142858
9.35 0.4751361395911812 103.5592857142857
9.450000000000001 0.48186021098731724 107.63357142857146
9.55 0.49390745232643746 111.89857142857143
9.65 0.49927851046513366 116.30071428571426
9.75 0.4999616932449297 120.80071428571424
9.850000000000001 0.5033135646715549 125.42428571428572
9.950000000000001 0.5072685753453572 130.1792857142857
10.05 0.5143284298814851 135.09785714285715
10.15 0.5147886307845938 140.11928571428572
10.25 0.5142713854498868 145.23500000000004
10.350000000000001 0.5235373832339547 150.54500000000004
10.450000000000001 0.5338069655102944 156.06428571428566
10.55 0.525836615108442 161.60571428571424
10.65 0.54487484254059 167.45714285714294
10.75 0.5405296179493381 173.3714285714286
10.850000000000001 0.5622051220336721 179.63785714285711
10.950000000000001 0.5470758563901597 185.84857142857138
11.05 0.5568046868847116 192.28571428571425
11.15 0.5648844291639755 198.9350000000001
11.25 0.5692521589591595 205.75642857142853
11.350000000000001 0.5800549893036903 212.83142857142852
11.450000000000001 0.5816486422306911 220.05142857142854
11.55 0.5847403678806816 227.43714285714293
11.65 0.5993690416437717 235.13928571428573
11.75 0.6023246987689306 243.01285714285711
11.850000000000001 0.6050419182168466 251.05714285714302
11.950000000000001 0.6018786964768834 259.1950000000001
12.05 0.6209217593678095 267.7314285714286
12.15 0.6109984635733536 276.27142857142854
12.25 0.6242898666884532 285.1414285714287
12.350000000000001 0.6288616897614041 294.22285714285726
12.450000000000001 0.639533865425079 303.6085714285714
12.55 0.648494143044794 313.2792857142857
12.65 0.6494078202251504 323.11857142857156
12.75 0.6403283997873385 332.9742857142857
12.850000000000001 0.6542957764523226 343.20357142857154
12.950000000000001 0.6514724693183724 353.54785714285725
13.05 0.6489243186740689 364.0114285714287
13.15 0.6540127648611288 374.7192857142855
13.25 0.6541904148050817 385.5935714285714
13.350000000000001 0.6719408325909908 396.93214285714294
13.450000000000001 0.674371995456098 408.4828571428572
13.55 0.6641262259413234 420.02785714285716
13.65 0.6629744018704585 431.7235714285714
13.75 0.671402251461124 443.7421428571429
13.850000000000001 0.6805803242694626 456.10285714285726
13.950000000000001 0.6829143615226867 468.68571428571437
14.05 0.6832406077936253 481.45571428571435
14.15 0.6823214129261201 494.39071428571407
14.25 0.6806547553276089 507.4771428571429
14.350000000000001 0.690691525038558 520.9435714285715
14.450000000000001 0.6990132748802579 534.7628571428571
14.55 0.7099282509134927 548.9928571428571
14.65 0.7120098011518998 563.4614285714285
14.75 0.7143165880076585 578.1757142857143
14.850000000000001 0.7098258995562822 592.9964285714285
14.950000000000001 0.7083613928021134 607.9864285714286
15.05 0.7189634195674414 623.4049999999997
15.15 0.7287645634752274 639.2421428571429
15.25 0.7171622673770114 655.0335714285713
15.350000000000001 0.7293645371254995 671.3050000000002
15.450000000000001 0.7306990880525709 687.8192857142858
15.55 0.7282575580293407 704.4921428571428
15.65 0.7446693943032192 721.7607142857145
15.75 0.7398659677953398 739.1378571428572
15.850000000000001 0.7456044202616856 756.8728571428572
15.950000000000001 0.7453586767040679 774.8264285714286
16.05 0.7510647486721989 793.1450000000003
16.150000000000002 0.7609692702811047 811.9371428571429
16.25 0.7518323276829786 830.7342857142855
16.35 0.7623620109409681 850.0300000000002
16.45 0.7650256755699245 869.6307142857145
16.55 0.775501885836765 889.7421428571428
16.650000000000002 0.773562110807251 910.0464285714286
16.75 0.773119035252692 930.5835714285712
16.85 0.7887074193451905 951.7857142857147
16.95 0.7760937971213151 972.8971428571425
17.05 0.7926307191446839 994.7135714285713
17.150000000000002 0.7988552160676504 1016.9599999999996
17.25 0.7932961878958297 1039.3100000000004
17.35 0.801595764493504 1062.156428571428
17.45 0.811932852685532 1085.5649999999998
17.55 0.8194601108248206 1109.4621428571431
17.650000000000002 0.8102492074312795 1133.3607142857143
17.75 0.821282963448077 1157.8600000000001
17.85 0.8193993129149212 1182.5792857142853
17.95 0.8279024432811126 1207.8357142857137
18.05 0.8249369554285044 1233.2828571428572
18.150000000000002 0.8417499606252714 1259.5371428571432
18.25 0.837058096833498 1285.933571428572
18.35 0.8478325551947732 1312.963571428571
18.45 0.8532940253208396 1340.465
18.55 0.8504330295689198 1368.172142857143
18.650000000000002 0.8502519806395266 1396.172857142857
18.75 0.8565498821117471 1424.6842857142858
18.85 0.8631761996309915 1453.7235714285719
18.95 0.866779198962959 1483.194285714286
19.05 0.8844783467547896 1513.5850000000003
19.150000000000002 0.8729816530927508 1543.8964285714278
19.25 0.8860650328508132 1574.9842857142858
19.35 0.8907725571724602 1606.5628571428574
19.450000000000003 0.893721370324581 1638.574285714286
19.55 0.8924183008914339 1670.8685714285712
19.650000000000002 0.9024665937873446 1703.861428571429
19.75 0.9058063128857342 1737.314285714286
19.85 0.9124220087220871 1771.3535714285717
19.950000000000003 0.9137799491848015 1805.787857142857
20.05 0.9147089119799923 1840.6035714285717
20.150000000000002 0.9147011832500184 1875.7671428571432
20.25 0.9232958082009022 1911.6142857142868
20.35 0.9225691813613454 1947.7878571428569
20.450000000000003 0.9241396578137906 1984.3800000000006
20.55 0.923492237951486 2021.3050000000003
20.650000000000002 0.9352865956943847 2059.0664285714283
20.75 0.9389615955404969 2097.3442857142854
20.85 0.9403366446916441 2136.0485714285724
20.950000000000003 0.9439803646256845 2175.2764285714284
21.05 0.957489609005385 2215.446428571429
21.150000000000002 0.9584240007998266 2256.0385714285703
21.25 0.9591146640469569 2297.045000000001
21.35 0.962597061509031 2338.5885714285705
21.450000000000003 0.9668092060506795 2380.7057142857147
21.55 0.9688063163638369 2423.3042857142855
21.650000000000002 0.9820723794677548 2466.887857142858
21.75 0.9849593662178403 2511.0042857142867
21.85 0.9856192442815848 2555.5571428571425
21.950000000000003 0.9876041522109462 2600.6092857142858
22.05 0.9906142561640574 2646.211428571429
22.150000000000002 0.990715942860612 2692.2328571428575
22.25 1.0001780754481921 2739.1142857142854
22.35 1.0011704211434653 2786.465
22.450000000000003 0.997674785121391 2834.073571428571
22.55 1.0041565649051976 2882.4192857142857
22.650000000000002 1.0057648532447674 2931.272857142857
22.75 1.00688341178477 2980.613571428571
22.85 1.013983565082796 3030.7400000000007
22.950000000000003 1.0118696778818568 3081.2007142857146
23.05 1.0166834792016566 3132.344285714286
23.150000000000002 1.0138172356501112 3183.7871428571416
23.25 1.0191268734696657 3235.947142857143
23.35 1.0118416281439102 3288.1807142857106
23.450000000000003 1.0204613425352491 3341.3114285714287
23.55 1.028762444601533 3395.3321428571435
23.650000000000002 1.0307229574747456 3449.916428571429
23.75 1.0270635779079702 3504.7678571428573
23.85 1.0324080475146964 3560.370000000001
23.950000000000003 1.0327613277527212 3616.45857142857
24.05 1.0349642849851362 3673.137142857145
24.150000000000002 1.028377065772677 3729.9242857142854
24.25 1.0342171867875052 3787.507857142856
24.35 1.0359062164805792 3845.6621428571425
24.450000000000003 1.0280682542984885 3903.8514285714296
24.55 1.0294358513740796 3962.5957142857133
24.650000000000002 1.0338141653337607 4022.0714285714266
24.75 1.0311668415694109 4081.877142857142
24.85 1.0339283677642668 4142.328571428572
24.950000000000003 1.0239118460896601 4202.677142857144
25.05 1.0329693857295177 4264.048571428572
25.150000000000002 1.0284924956211576 4325.642857142858
25.25 1.0323605766332562 4387.961428571428
25.35 1.0270610352412783 4450.452142857143
25.450000000000003 1.0295117499319146 4513.587142857143
25.55 1.031407332636078 4577.336428571429
25.650000000000002 1.0310405329738566 4641.562857142857
25.75 1.0369856846633525 4706.664285714286
25.85 1.0337988725553817 4772.070714285713
25.950000000000003 1.0358620861702215 4838.115714285714
26.05 1.041031597416263 4905.00285714286
26.150000000000002 1.0442164013007074 4972.610714285714
26.25 1.0459649516960596 5040.850714285716
26.35 1.0374651443240457 5109.052857142858
26.450000000000003 1.0429959388801233 5178.14
26.55 1.0447967298058094 5247.870714285716
26.650000000000002 1.045829484701884 5318.197142857143
26.75 1.0520258285763564 5389.472142857145
26.85 1.0407089550514272 5460.5085714285715
26.950000000000003 1.0459942036338161 5532.438571428571
27.05 1.0475128145204056 5605.008571428575
27.150000000000002 1.0494515021898914 5678.251428571429
27.25 1.0510389430841773 5752.14642857143
27.35 1.0546023202549468 5826.837142857144
27.450000000000003 1.0504567690993691 5901.779285714288
27.55 1.061521160374254 5978.063571428573
27.650000000000002 1.0598070389414704 6054.778571428573
27.75 1.0628904270858024 6132.274285714282
27.85 1.05598121099647 6209.822142857142
27.950000000000003 1.0542713871955978 6287.801428571429
28.05 1.0632212844247941 6367.006428571429
28.150000000000002 1.0578037730618457 6446.370714285715
28.25 1.0574935696031262 6526.2764285714275
28.35 1.0503562164318496 6606.205714285713
28.450000000000003 1.0606012745861821 6687.4850000000015
28.55 1.0584786181319132 6769.172857142857
28.650000000000002 1.061644488812177 6851.680000000005
28.75 1.0620574085924266 6934.79642857143
28.85 1.0656205467303088 7018.772857142857
28.950000000000003 1.0582174601428642 7102.745
29.05 1.0649528191983784 7187.836428571432
29.150000000000002 1.0699640269020605 7273.917857142858
29.25 1.0670165078574438 7360.352142857146
29.35 1.0692513222150863 7447.560714285716
29.450000000000003 1.072057511850148 7535.595
29.55 1.0786027155695548 7624.769285714286
29.650000000000002 1.07796428527482 7714.495
29.75 1.0760314762565424 7804.664999999998
29.85 1.0756328217905713 7895.408571428569
29.950000000000003 1.078899233573199 7987.038571428572
30.05 1.0808034688804435 8079.444285714286
30.150000000000002 1.0869909070987465 8172.998571428575
30.25 1.0735256128850392 8266.007857142858
30.35 1.079534436688157 8360.157142857144
30.450000000000003 1.0836024656906493 8455.285000000005
30.55 1.0765686214725239 8550.417142857144
30.650000000000002 1.074301253305609 8645.971428571427
30.75 1.0767239113173208 8742.367142857142
30.85 1.0760487368390204 8839.330000000004
30.950000000000003 1.080250584756321 8937.303571428572
31.05 1.0752833905511208 9035.457857142857
31.150000000000002 1.0823075767264536 9134.890714285717
31.25 1.0804287166208584 9234.789285714285
31.35 1.0835948845023353 9335.622857142858
31.450000000000003 1.0751513554577041 9436.31
31.55 1.0757361175686986 9537.693571428574
31.650000000000002 1.0719766847107857 9639.364285714284
31.75 1.0766923927162866 9742.128571428571
31.85 1.0760476598208535 9845.479285714284
31.950000000000003 1.0754785756943777 9949.424999999997
32.050000000000004 1.0751747168563843 10053.992857142857
32.15 1.076357359827916 10159.329999999996
32.25 1.0772798224939764 10265.414285714285
32.35 1.0760869962370243 10372.039285714285
32.45 1.0784490936963773 10479.56
32.550000000000004 1.0759271159749855 10587.49142857143
32.65 1.080259108542368 10696.524285714282
32.75 1.0714706227998851 10805.333571428575
32.85 1.072199800247036 10914.882857142855
32.95 1.0743526612523024 11025.32142857143
33.050000000000004 1.0727510156420663 11136.265714285712
33.15 1.0692131783669667 11247.514285714282
33.25 1.0679912242138632 11359.307142857146
33.35 1.0720824932845525 11472.20428571429
33.45 1.0617983783392013 11584.690000000002
33.550000000000004 1.0631388972564118 11697.992142857142
33.65 1.0663568949674076 11812.315714285716
33.75 1.0608286351827596 11926.723571428563
33.85 1.0632017358573866 12042.067857142854
33.95 1.0611758878520592 12157.87357142857
34.050000000000004 1.0599818402248793 12274.231428571426
34.15 1.0582337067533596 12391.080714285714
34.25 1.0547900674297894 12508.232857142857
34.35 1.053913244184037 12625.97214285714
34.45 1.0584701311530693 12744.91
34.550000000000004 1.0549050787024161 12864.13642857143
34.65 1.0523814187563065 12983.767142857141
34.75 1.0494132344963323 13103.750000000002
34.85 1.0526609145145307 13224.797857142861
34.95 1.0498634756081426 13346.21785714285
35.050000000000004 1.0501573759259764 13468.367857142857
35.15 1.0449599473515456 13590.607857142852
35.25 1.0448437932529917 13713.530714285711
35.35 1.0452374570124834 13837.19857142857
35.45 1.0430347217225824 13961.305
35.550000000000004 1.0417475418586108 14085.958571428571
35.65 1.042850556152938 14211.447142857141
35.75 1.0411329278007742 14337.432857142854
35.85 1.0444134929253155 14464.52357142857
35.95 1.0395451768493364 14591.728571428574
36.050000000000004 1.0411988583364298 14719.845714285708
36.15 1.041126904551857 14848.665714285717
36.25 1.0412982448301191 14978.22071428571
36.35 1.0386828229090497 15108.164285714282
36.45 1.0375283396492057 15238.67857142857
36.550000000000004 1.034450870896387 15369.520714285722
36.65 1.0364687558357706 15501.33642857143
36.75 1.0371758000426707 15633.962857142846
36.85 1.0326876150169095 15766.735000000004
36.95 1.0321946183613095 15900.165000000008
37.050000000000004 1.029993682477996 16034.032142857155
37.15 1.0296490547967037 16168.57785714286
37.25 1.0286897738374108 16303.72285714285
37.35 1.0304028957196325 16439.820714285725
37.45 1.0299906258295142 16576.593571428577
37.550000000000004 1.0287388087683456 16713.93071428572
37.65 1.0238827130127006 16851.348571428567
37.75 1.018513001857815 16988.772857142856
37.85 1.022880293560585 17127.518571428565
37.95 1.0203987105881571 17266.659999999996
38.050000000000004 1.0255367354827976 17407.240000000005
38.15 1.0199963912670165 17547.796428571422
38.25 1.0188931381612831 17688.93785714286
38.35 1.0188749685914775 17830.815714285716
38.45 1.020379174271046 17973.645000000004
38.550000000000004 1.0194224602295425 18117.08357142857
38.650000000000006 1.0172297205927092 18260.95714285714
38.75 1.0200802410184315 18405.98142857143
38.85 1.0181545305736988 18551.480000000007
38.95 1.0235301043173433 18698.500714285714
39.050000000000004 1.0193434920194329 18845.672857142847
39.150000000000006 1.0166234811675137 18993.205000000013
39.25 1.0149364964218304 19141.24571428572
39.35 1.0191975147276064 19290.66642857143
39.45 1.0157191035116302 19440.335
39.550000000000004 1.0204666955583992 19591.466428571424
39.650000000000006 1.021856832052416 19743.57
39.75 1.0142056828790267 19895.29714285714
39.85 1.0148512305169655 20047.885714285712
39.95 1.0135632232357774 20201.046428571426
40.050000000000004 1.0174020219133162 20355.55785714285
40.150000000000006 1.019603557693394 20511.177857142855
40.25 1.021477310617239 20667.86142857143
40.35 1.0218603913213573 20825.383571428578
40.45 1.0171830377623348 20982.962857142844
40.550000000000004 1.0156225008067457 21141.079285714295
40.650000000000006 1.0175804207668144 21300.282857142865
40.75 1.0177350981740014 21460.294999999995
40.85 1.0212124909767675 21621.64285714286
40.95 1.025898998015078 21784.525714285708
41.050000000000004 1.0218603899648055 21947.560714285715
41.150000000000006 1.0257791693752136 22112.019285714283
41.25 1.0219334381629097 22276.658571428572
41.35 1.0241179078156712 22442.45071428571
41.45 1.0206709464114092 22608.48499999999
41.550000000000004 1.0242282917381667 22775.902857142864
41.650000000000006 1.0277440952738963 22944.705000000005
41.75 1.021619132347691 23113.307857142863
41.85 1.0252153900587282 23283.315714285724
41.95 1.0220781965097963 23453.614285714295
42.050000000000004 1.0272576569336216 23625.592857142863
42.150000000000006 1.0253361001716796 23798.067142857148
42.25 1.0207713434157781 23970.589285714286
42.35 1.0226486464551696 24144.24785714287
42.45 1.0231279580112043 24318.809285714284
42.550000000000004 1.0218663882155772 24493.977857142854
42.650000000000006 1.0238320274258674 24670.309285714287
42.75 1.023365633454143 24847.38785714286
42.85 1.0231465478637811 25025.256428571436
42.95 1.018573473197025 25202.91857142857
43.050000000000004 1.0187691412886235 25381.028571428564
43.150000000000006 1.022082168989475 25560.132857142864
43.25 1.0199751778895882 25739.28214285714
43.35 1.0203569543165443 25918.912857142852
43.45 1.0206600610199963 26099.011428571426
43.550000000000004 1.023401166505806 26280.009285714288
43.650000000000006 1.017131897235918 26460.311428571433
43.75 1.0223409985045808 26641.952142857135
43.85 1.020061692350197 26823.602142857148
43.95 1.0162119807154424 27004.979285714282
44.050000000000004 1.0201738573312813 27187.47785714286
44.150000000000006 1.0194766129762594 27370.26571428571
44.25 1.0161511779188699 27552.86999999999
44.35 1.0161562103224047 27735.88785714285
44.45 1.013407181169313 27918.82214285714
44.550000000000004 1.0200590047811622 28103.371428571434
44.650000000000006 1.0164666143949688 28287.68357142857
44.75 1.0168167743659537 28472.472142857136
44.85 1.0194320934530279 28658.15000000001
44.95 1.0148594487454852 28843.407142857155
45.050000000000004 1.0163782156669132 29029.354285714286
45.150000000000006 1.0140608758508742 29215.289285714272
45.25 1.0164715676595975 29402.05214285714
45.35 1.0099501237081057 29587.68428571429
45.45 1.016963172872387 29774.58
45.550000000000004 1.0174503453475736 29961.537857142863
45.650000000000006 1.02046359177147 30149.020000000004
45.75 1.0161973956840273 30335.68714285713
45.85 1.0208542317522755 30523.17642857142
45.95 1.0169693598754346 30709.917142857128
46.050000000000004 1.021400105687238 30897.434285714287
46.150000000000006 1.0208309345271376 31084.80785714285
46.25 1.0206924282939298 31272.11500000001
46.35 1.0187851803960517 31459.02928571428
46.45 1.0215449964299428 31646.404999999995
46.550000000000004 1.025337243619679 31834.429285714286
46.650000000000006 1.0223509942317768 32021.857142857138
46.75 1.0287504437356798 32210.40714285714
46.85 1.0253597815055568 32398.28285714287
46.95 1.0246099104118696 32585.966428571424
47.050000000000004 1.0270765122538388 32774.045000000006
47.150000000000006 1.0268707781630455 32962.02714285714
47.25 1.0284748750736992 33150.24214285714
47.35 1.0289388677320253 33338.47928571428
47.45 1.0287810957027173 33526.62285714285
47.550000000000004 1.0289933269683316 33714.73857142857
47.650000000000006 1.0330272289615292 33903.52285714286
47.75 1.0299859283727753 34091.68071428572
47.85 1.028521522692166 34279.49857142857
47.95 1.028404920006794 34467.220714285715
48.050000000000004 1.026474651203901 34654.51428571428
48.150000000000006 1.0299775566278553 34842.368571428575
48.25 1.028169560279474 35029.81285714285
48.35 1.0307686057575096 35217.64857142855
48.45 1.0283141228765351 35404.95285714285
48.550000000000004 1.0244596444628733 35591.46928571429
48.650000000000006 1.0226101304098387 35777.56142857144
48.75 1.0258549907338415 35964.15428571429
48.85 1.0260491134039411 36150.690714285716
48.95 1.026647214108998 36337.242142857154
49.050000000000004 1.026466105617018 36523.66499999999
49.150000000000006 1.0273737076267337 36710.155
49.25 1.0231078269218887 36895.771428571425
49.35 1.025154764683096 37081.65785714285
49.45 1.0250350519167457 37267.41928571429
49.550000000000004 1.0232064786087218 37452.74428571428
49.650000000000006 1.0235883581040601 37638.031428571434
49.75 1.0231641039561479 37823.13285714286
49.85 1.0193367072605701 38007.43142857142
49.95 1.0202827438390858 38191.788571428566
50.050000000000004 1.0202161681456787 38376.0192857143
