0.05 0.0 0.0
0.15000000000000002 0.0 0.0
0.25 0.0 0.0
0.35000000000000003 0.0 0.0
0.45 0.0 0.0
0.55 0.0 0.0
0.65 0.0 0.0
0.75 0.0 0.0
0.8500000000000001 0.0 0.0
0.9500000000000001 0.0 0.0
1.05 0.0 0.0
1.1500000000000001 0.0 0.0
1.25 0.0 0.0
1.35 0.0 0.0
1.4500000000000002 0.0 0.0
1.55 0.0054932992485946 0.00125
1.6500000000000001 0.021815188998855782 0.006875
1.75 0.07326590738849192 0.028125
1.85 0.042421963330675494 0.041875
1.9500000000000002 0.10066555126105574 0.078125
2.0500000000000003 0.08009282580098023 0.11
2.15 0.054255736414201484 0.13375
2.25 0.040414987328945946 0.153125
2.35 0.0334637070701955 0.170625
2.45 0.02968852206340674 0.1875
2.5500000000000003 0.04364652911434612 0.214375
2.6500000000000004 0.07143114039534625 0.261875
2.75 0.08116839896783033 0.32
2.85 0.10401428006858814 0.4
2.95 0.11680256391582772 0.49625
3.0500000000000003 0.09082149785996041 0.57625
3.1500000000000004 0.09379480935696594 0.664375
3.25 0.08623734437309324 0.750625
3.35 0.07822526653482069 0.83375
3.45 0.08041122513922186 0.9243750000000001
3.5500000000000003 0.0769926352103672 1.01625
3.6500000000000004 0.07630009867005899 1.1125
3.75 0.09059126218768482 1.233125
3.85 0.08906383535499679 1.358125
3.95 0.09603416023496408 1.5
4.05 0.09980144808399756 1.655
4.15 0.10386503130270436 1.824375
4.25 0.11840345798751539 2.026875
4.3500000000000005 0.1238363051941195 2.2487500000000002
4.45 0.11566672774853873 2.465625
4.55 0.12275458637265567 2.7062500000000003
4.65 0.12730066842798754 2.966875
4.75 0.12082702002893773 3.225
4.8500000000000005 0.1254370791364464 3.504375
4.95 0.14116381644103076 3.831875
5.050000000000001 0.13951120511629767 4.16875
5.15 0.15330978729884467 4.55375
5.25 0.1628525066876862 4.97875
5.3500000000000005 0.16535457666564077 5.426875
5.45 0.1733431506803183 5.914375
5.550000000000001 0.16886738348071223 6.406875
5.65 0.17328184292588272 6.930625
5.75 0.17209882395402964 7.469375
5.8500000000000005 0.18111755936418952 8.05625
5.95 0.17918287716154233 8.656875
6.050000000000001 0.18340771000485998 9.2925
6.15 0.18534547551103328 9.95625
6.25 0.1985572911907213 10.690625
6.3500000000000005 0.1844950686340732 11.395
6.45 0.18659348047778096 12.13
6.550000000000001 0.1909404836054599 12.905625
6.65 0.19285384923651971 13.713125
6.75 0.18805135884816934 14.524375000000001
6.8500000000000005 0.2015926095955534 15.42
6.95 0.19555989900754653 16.314375000000002
7.050000000000001 0.2103715147557822 17.304375
7.15 0.2018166939141943 18.28125
7.25 0.20595778944473916 19.306250000000002
7.3500000000000005 0.2126107126344129 20.39375
7.45 0.20682250226934226 21.480625
7.550000000000001 0.21272874419276114 22.62875
7.65 0.20269185392012795 23.751875000000002
7.75 0.2054079002481932 24.92
7.8500000000000005 0.2103844171898332 26.1475
7.95 0.20721393429517512 27.3875
8.05 0.20372762503146483 28.6375
8.15 0.20601360806505498 29.933125
8.25 0.20182554693889457 31.23375
8.35 0.21472478710333331 32.65125
8.450000000000001 0.22002688120543817 34.13875
8.55 0.2182512513943291 35.649375
8.65 0.22911428621064633 37.2725
8.75 0.23477080039789613 38.974375
8.85 0.23118088274765455 40.68875
8.950000000000001 0.23197708281878285 42.448125
9.05 0.24420712094455313 44.341875
9.15 0.25017322868744274 46.325
9.25 0.2532797446977122 48.376875
9.35 0.25702742313336974 50.504375
9.450000000000001 0.265513086103285 52.749375
9.55 0.2730098051253402 55.106875
9.65 0.2808492254024018 57.583125
9.75 0.2835199435443123 60.135
9.850000000000001 0.29711479141133856 62.864375
9.950000000000001 0.29684012847496427 65.646875
10.05 0.30788935216747265 68.59125
10.15 0.31607692406868426 71.674375
10.25 0.32256850478738514 74.883125
10.350000000000001 0.32554708046433406 78.185
10.450000000000001 0.33989866651757944 81.699375
10.55 0.3484904558623426 85.371875
10.65 0.3557699491448119 89.1925
10.75 0.3669464954701969 93.2075
10.850000000000001 0.3723815899347332 97.358125
10.950000000000001 0.39407393416166403 101.831875
11.05 0.39254205254506824 106.37
11.15 0.40528440131405574 111.140625
11.25 0.41913052939490336 116.16312500000001
11.350000000000001 0.4257665111417282 121.35625
11.450000000000001 0.43553157507751733 126.7625
11.55 0.4465784905810207 132.403125
11.65 0.4584481139958657 138.294375
11.75 0.46177042983956634 144.330625
11.850000000000001 0.4755867475381688 150.65375
11.950000000000001 0.48157427608260783 157.165
12.05 0.48843489748278635 163.88
12.15 0.4929931250655901 170.770625
12.25 0.5104906921448352 178.02375
12.350000000000001 0.5126442013387493 185.426875
12.450000000000001 0.5227970331402957 193.099375
12.55 0.5240545401472112 200.914375
12.65 0.524382082349499 208.859375
12.75 0.5441666020333643 217.235
12.850000000000001 0.5491223334390378 225.82
12.950000000000001 0.5575213401807244 234.6725
13.05 0.5683901927030499 243.8375
13.15 0.5770328753542604 253.285
13.25 0.5856516791499248 263.02
13.350000000000001 0.5965041086221601 273.085625
13.450000000000001 0.601971149459486 283.39625
13.55 0.6062416858933846 293.935
13.65 0.6252382260708209 304.96500000000003
13.75 0.6256737966783803 316.165
13.850000000000001 0.6415860803218653 327.8175
13.950000000000001 0.6454124155373319 339.709375
14.05 0.6538470832120571 351.93
14.15 0.6660678152950523 364.556875
14.25 0.6768420707434978 377.57
14.350000000000001 0.6820913109875957 390.86875000000003
14.450000000000001 0.6915252663404876 404.54
14.55 0.6996697128534725 418.564375
14.65 0.6975629198192859 432.739375
14.75 0.7130769366474029 447.428125
14.850000000000001 0.7159281307401153 462.37625
14.950000000000001 0.725521081311871 477.729375
15.05 0.7222066820051498 493.21750000000003
15.15 0.7400549580067873 509.3
15.25 0.7371082212920398 525.530625
15.350000000000001 0.7444008769300459 542.1375
15.450000000000001 0.7501161837369263 559.090625
15.55 0.7456863506929581 576.1625
15.65 0.7613063299666054 593.816875
15.75 0.7596528510285212 611.65875
15.850000000000001 0.7690425067739995 629.95125
15.950000000000001 0.7675252019014538 648.43875
16.05 0.7761846811440689 667.37
16.150000000000002 0.7787504804717358 686.60125
16.25 0.7846692816893105 706.219375
16.35 0.7940894667342747 726.318125
16.45 0.7946853705736392 746.67875
16.55 0.8009206705679621 767.449375
16.650000000000002 0.7997105837975391 788.44
16.75 0.8106597563535597 809.974375
16.85 0.8176432539868005 831.954375
16.95 0.82396945741369 854.368125
17.05 0.8348372733747508 877.34625
17.150000000000002 0.8436457417076602 900.84
17.25 0.8515954715029393 924.8325
17.35 0.860095839943526 949.34625
17.45 0.86305647777758 974.22875
17.55 0.8615432918061366 999.353125
17.650000000000002 0.8723201620549058 1025.0825
17.75 0.8808516591044502 1051.35875
17.85 0.8795869354603518 1077.89375
17.95 0.8951977601677701 1105.203125
18.05 0.8758645284466812 1132.22125
18.150000000000002 0.8911875416324493 1160.0175
18.25 0.8920909010147753 1188.149375
18.35 0.9009397137228591 1216.8725
18.45 0.9071595681119228 1246.1100000000001
18.55 0.9095867964651733 1275.744375
18.650000000000002 0.9098033465318105 1305.70625
18.75 0.9128175657381694 1336.090625
18.85 0.9198038917092308 1367.035
18.95 0.917934276630252 1398.2450000000001
19.05 0.921328146491933 1429.901875
19.150000000000002 0.9243672466152099 1461.9975
19.25 0.9300369491440061 1494.628125
19.35 0.9238340007316181 1527.37875
19.450000000000003 0.9382469056153743 1560.9850000000001
19.55 0.9413673815320411 1595.050625
19.650000000000002 0.939059083976552 1629.3812500000001
19.75 0.9545861896181709 1664.6356250000001
19.85 0.9490634444411484 1700.0418750000001
19.950000000000003 0.9502540005293681 1735.850625
20.05 0.953262010356113 1772.13375
20.150000000000002 0.9678531276798172 1809.340625
20.25 0.9613923848324731 1846.6668750000001
20.35 0.9608456099139164 1884.34125
20.450000000000003 0.9619840327700875 1922.431875
20.55 0.9693229630983006 1961.189375
20.650000000000002 0.9664437970306363 2000.20875
20.75 0.9821718936390302 2040.248125
20.85 0.9745649783862089 2080.36125
20.950000000000003 0.9781577341610468 2121.009375
21.05 0.9902491255943016 2162.55375
21.150000000000002 0.9803464593692138 2204.074375
21.25 0.992586527856082 2246.511875
21.35 0.9901889121678618 2289.24625
21.450000000000003 0.9891700712353959 2332.3375
21.55 0.9943248384842636 2376.058125
21.650000000000002 0.9913431350042999 2420.053125
21.75 1.0005140630723444 2464.86625
21.85 1.0049270249932045 2510.291875
21.950000000000003 0.9985452585695686 2555.843125
22.05 1.0031398793065858 2602.021875
22.150000000000002 1.0113513734879431 2649.001875
22.25 1.0031477207913522 2696.0225
22.35 1.0098506748664777 2743.78375
22.450000000000003 1.0118236792376363 2792.0675
22.55 1.0163572808065022 2841.000625
22.650000000000002 1.0206428792740148 2890.576875
22.75 1.0232962658703504 2940.721875
22.85 1.024827497790017 2991.384375
22.950000000000003 1.0297021890144629 3042.734375
23.05 1.0322050798525175 3094.65875
23.150000000000002 1.0338996712764548 3147.120625
23.25 1.035807846786857 3200.134375
23.35 1.040672272262243 3253.8562500000003
23.450000000000003 1.0422711434211427 3308.1225
23.55 1.0455312357211106 3363.0237500000003
23.650000000000002 1.0410513631473135 3418.155
23.75 1.0447782579389513 3473.9525
23.85 1.0511797359163655 3530.565625
23.950000000000003 1.0529729314716347 3587.751875
24.05 1.0507055896031756 3645.2925
24.150000000000002 1.0633119021338442 3704.00875
24.25 1.055884984255584 3762.79875
24.35 1.0560143068666275 3822.081875
24.450000000000003 1.055929516048043 3881.848125
24.55 1.0647921199678343 3942.61
24.650000000000002 1.0580932660508624 4003.4825
24.75 1.0514569162336276 4064.465
24.85 1.06428394853516 4126.69125
24.950000000000003 1.0623442914299677 4189.305
25.05 1.0637153131367567 4252.503125
25.150000000000002 1.0657510770614413 4316.32875
25.25 1.0722561905203238 4381.055625
25.35 1.0663094013536196 4445.934375
25.450000000000003 1.0679543562590628 4511.426875
25.55 1.0683679540615654 4577.460625
25.650000000000002 1.0673379940449423 4643.948125
25.75 1.0767748988837818 4711.5475
25.85 1.0677488166918587 4779.101875
25.950000000000003 1.077199719766442 4847.7825
26.05 1.0695970988959522 4916.505
26.150000000000002 1.0739911478967337 4986.040625000001
26.25 1.0760169011893053 5056.24125
26.35 1.0636725941120666 5126.16625
26.450000000000003 1.0697887449081211 5197.028125
26.55 1.0705385870972817 5268.476875
26.650000000000002 1.0689699372082881 5340.359375
26.75 1.067865256388226 5412.7075
26.85 1.0746676950114205 5486.061875
26.950000000000003 1.0729238646355452 5559.84375
27.05 1.0694262138802482 5633.931875
27.150000000000002 1.0681449210386322 5708.479375
27.25 1.073663055931369 5783.965
27.35 1.0753568580134618 5860.125625
27.450000000000003 1.0777772154311105 5937.016875
27.55 1.0748376361004983 6014.258125
27.650000000000002 1.068588109776733 6091.60875
27.75 1.078421976395821 6170.2368750000005
27.85 1.076878681054829 6249.319375
27.950000000000003 1.0740369839359645 6328.760625
28.05 1.0802106088121453 6409.23125
28.150000000000002 1.0870526043262616 6490.79
28.25 1.0783694443999607 6572.273125
28.35 1.0806393394000378 6654.506875
28.450000000000003 1.0854034117646396 6737.686875
28.55 1.0805424037601257 6821.0775
28.650000000000002 1.0793416272695204 6904.96
28.75 1.079369246459684 6989.431250000001
28.85 1.0876187355665843 7075.141250000001
28.950000000000003 1.0794878462259831 7160.80125
29.05 1.081463083266919 7247.211875
29.150000000000002 1.0799987684375345 7334.100625
29.25 1.0782668358271863 7421.44625
29.35 1.0792844205836334 7509.473125
29.450000000000003 1.078642182891224 7598.048125
29.55 1.0753153462664715 7686.950625
29.650000000000002 1.0740661729596217 7776.351875
29.75 1.0827439937833736 7867.084375
29.85 1.0771166313640061 7957.953125
29.950000000000003 1.0745794566844384 8049.21625
30.05 1.0723591696242831 8140.900000000001
30.150000000000002 1.0789749549976442 8233.764375
30.25 1.0776096732360254 8327.1275
30.35 1.077672203133984 8421.114375000001
30.450000000000003 1.077276386375783 8515.686875
30.55 1.075808795287755 8610.751875
30.650000000000002 1.0822565642661395 8707.01375
30.75 1.0787055591489785 8803.586875
30.85 1.0822663292010304 8901.11
30.950000000000003 1.081286235419368 8999.1775
31.05 1.083000819700063 9098.036250000001
31.150000000000002 1.0871202169143317 9197.911250000001
31.25 1.0862032913014206 9298.34375
31.35 1.0870222089898591 9399.49625
31.450000000000003 1.0898309370293178 9501.558125
31.55 1.0852344604204074 9603.836875
31.650000000000002 1.0906511181887912 9707.27875
31.75 1.0854549714701736 9810.879375
31.85 1.0856254143452666 9915.15
31.950000000000003 1.0806121227769327 10019.591875
32.050000000000004 1.0881907241786888 10125.425625
32.15 1.0868410638715502 10231.78875
32.25 1.0850809943996869 10338.64125
32.35 1.0825901949071328 10445.910625
32.45 1.0884219304150518 10554.425625
32.550000000000004 1.0866042172456631 10663.428125
32.65 1.0855685460394782 10772.996875
32.75 1.0842421351008897 10883.103125
32.85 1.0839822252373619 10993.85625
32.95 1.0818814821124239 11105.06875
33.050000000000004 1.0816717868823196 11216.935625
33.15 1.075888552460467 11328.87875
33.25 1.078424797671298 11441.76375
33.35 1.0752730131178954 11554.996875
33.45 1.0783990916505324 11669.241250000001
33.550000000000004 1.0741851250735683 11783.720625
33.65 1.0762165971281912 11899.10125
33.75 1.073725467692138 12014.9
33.85 1.0720860563533097 12131.208125000001
33.95 1.0683969866028782 12247.801875000001
34.050000000000004 1.0705913539202323 12365.324375
34.15 1.0687003159845847 12483.329375000001
34.25 1.0743479588396925 12602.65375
34.35 1.0701661484016831 12722.20875
34.45 1.0655419394857986 12841.94125
34.550000000000004 1.0671689182467528 12962.553750000001
34.65 1.0621891953485654 13083.299375
34.75 1.0610427692871047 13204.611875
34.85 1.0640824907303348 13326.973125
34.95 1.0605365544065604 13449.6275
35.050000000000004 1.0626771604424898 13573.23375
35.15 1.059513647534514 13697.17625
35.25 1.0605763751235417 13821.95
35.35 1.0576218621782727 13947.083125000001
35.45 1.0598681983989975 14073.192500000001
35.550000000000004 1.0591318886412817 14199.92625
35.65 1.0570574984461036 14327.124375
35.75 1.0527223050664543 14454.5125
35.85 1.0584704331996018 14583.313750000001
35.95 1.0510015849684804 14711.920625
36.050000000000004 1.055362933704625 14841.780625
36.15 1.0572050898937522 14972.59
36.25 1.0511190645044028 15103.366875
36.35 1.0525476950243187 15235.045
36.45 1.04919002872295 15367.02625
36.550000000000004 1.05070566825589 15499.924375
36.65 1.0508377111587395 15633.567500000001
36.75 1.0476193649707712 15767.529375
36.85 1.0503462115616409 15902.571875
36.95 1.0525060625255525 16038.6275
37.050000000000004 1.0497319214068905 16175.06
37.15 1.0540224829953326 16312.790625
37.25 1.0510778296093541 16450.876875
37.35 1.047425577482238 16589.223125
37.45 1.0472049201251183 16728.281875
37.550000000000004 1.0492657520561872 16868.359375
37.65 1.0468380479499457 17008.858125
37.75 1.05055428143901 17150.605625
37.85 1.0444114698146565 17292.271875
37.95 1.0460464440695958 17434.910625
38.050000000000004 1.0450555271165731 17578.166250000002
38.15 1.045620833713764 17722.25375
38.25 1.0427234129515763 17866.69625
38.35 1.0451067838349999 18012.226875
38.45 1.0396865999853169 18157.75875
38.550000000000004 1.0414599692063269 18304.298125
38.650000000000006 1.0411197688655671 18451.550625
38.75 1.0391294359011674 18599.283125
38.85 1.0378499161857777 18747.59625
38.95 1.0401943125719162 18897.010625
39.050000000000004 1.0363584410098177 19046.639375
39.150000000000006 1.0328969875927967 19196.533125
39.25 1.0330908812018857 19347.221875
39.35 1.0361555973691359 19499.12875
39.45 1.0365208015632505 19651.8625
39.550000000000004 1.0330161054468738 19804.8525
39.650000000000006 1.0367597606210268 19959.174375
39.75 1.03771210949181 20114.418125
39.85 1.0365010955614986 20270.261875
39.95 1.0357193347811284 20426.770625
40.050000000000004 1.0367926087670085 20584.226875
40.150000000000006 1.037109361932644 20742.51875
40.25 1.0322354261861661 20900.8525
40.35 1.0336651583583727 21060.194375
40.45 1.0337489003294793 21220.34
40.550000000000004 1.035392942609526 21381.534375
40.650000000000006 1.035174698293477 21543.490625000002
40.75 1.032592789428195 21705.83875
40.85 1.0330973714135192 21869.064375
40.95 1.0309630122919495 22032.75125
41.050000000000004 1.0304941967374406 22197.16375
41.150000000000006 1.0322943743022686 22362.666875
41.25 1.0327265972922959 22529.045000000002
41.35 1.0343664111928723 22696.49625
41.45 1.0328394071434548 22864.510000000002
41.550000000000004 1.0330854401001215 23033.375625
41.650000000000006 1.0397785770960075 23204.154375000002
41.75 1.0370833896890275 23375.309375
41.85 1.035732515430044 23547.06125
41.95 1.0399642862991076 23720.34
42.050000000000004 1.0361699501517438 23893.810625000002
42.150000000000006 1.0381923984616206 24068.447500000002
42.25 1.0342747530759515 24243.251875
42.35 1.0352775929507598 24419.055
42.45 1.0341604965009252 24595.49875
42.550000000000004 1.0356347664849224 24773.0275
42.650000000000006 1.0346669858306978 24951.225000000002
42.75 1.037789284956676 25130.799375000002
42.85 1.0339582316406668 25310.5475
42.95 1.038165165363371 25491.626875
43.050000000000004 1.0357250324413227 25672.701250000002
43.150000000000006 1.0374727504925174 25854.502500000002
43.25 1.0379064544909444 26036.80125
43.35 1.034443599540149 26218.911875
43.45 1.038087805856976 26402.085625
43.550000000000004 1.0357394758136318 26585.265625
43.650000000000006 1.030172282234233 26767.879375
43.75 1.0339595606019645 26951.584375000002
43.85 1.029681803479883 27134.947500000002
43.95 1.0337155925686226 27319.44875
44.050000000000004 1.03392634779349 27504.4075
44.150000000000006 1.0317901645021612 27689.403125
44.25 1.0343241326509804 27875.273125
44.35 1.0324673566724092 28061.228750000002
44.45 1.0303315614688693 28247.218125
44.550000000000004 1.0316599161837445 28433.86625
44.650000000000006 1.029187366901527 28620.485
44.75 1.0285623593901352 28807.408125
44.85 1.0273705175868861 28994.531875
44.95 1.0279814843769164 29182.184375
45.050000000000004 1.0275887862553712 29370.1825
45.150000000000006 1.0284999334183855 29558.765
45.25 1.0271778976783172 29747.495
45.35 1.0251211379612988 29935.915625
45.45 1.0240636360659219 30124.11625
45.550000000000004 1.0237850904545185 30312.238125
45.650000000000006 1.0253472181328909 30500.6175
45.75 1.0249470079233975 30688.891875
45.85 1.0269121324808246 30877.49375
45.95 1.0222513867864718 31065.204375
46.050000000000004 1.0211875766202834 31252.6825
46.150000000000006 1.0177503228821614 31439.490625000002
46.25 1.0222201778958266 31627.078125
46.35 1.0212179738445384 31814.43875
46.45 1.0225803618757079 32002.004375
46.550000000000004 1.0215613776960748 32189.33625
46.650000000000006 1.0206512902647877 32376.4525
46.75 1.0218314081670656 32563.734375
46.85 1.0219857846729505 32750.991875
46.95 1.0230584135227103 32938.39125
47.050000000000004 1.0223265125470413 33125.6
47.150000000000006 1.0202902991381688 33312.3775
47.25 1.0176383623800744 33498.609375
47.35 1.0184594120264836 33684.929375
47.45 1.0201459485128357 33871.49375
47.550000000000004 1.0196664852233597 34057.904375
47.650000000000006 1.01902624271667 34244.13
47.75 1.0223818833869815 34430.89875
47.85 1.0219344788456826 34617.51375
47.95 1.018066517890224 34803.34875
48.050000000000004 1.0174498238739287 34988.995625
48.150000000000006 1.0163051798716214 35174.356250000004
48.25 1.0165894196792151 35359.689375
48.35 1.017076535992948 35545.03
48.45 1.0164526249961923 35730.17375
48.550000000000004 1.013343019720566 35914.66625
48.650000000000006 1.0164437515619031 36099.63625
48.75 1.0121943666970086 36283.744375
48.85 1.0083364264316403 36467.060625
48.95 1.011790779212366 36650.9125
49.050000000000004 1.0096291857185289 36834.277500000004
49.150000000000006 1.0097552318977203 37017.569375
49.25 1.0133334724781546 37201.4125
49.35 1.011755892915297 37384.869375
49.45 1.0087593599096838 37567.68125
49.550000000000004 1.0126058772925002 37751.08625
49.650000000000006 1.009216700411523 37933.771875
49.75 1.0065803582582609 38115.873125
49.85 1.009223064140373 38298.343125
49.95 1.0075939407690333 38480.4075
50.050000000000004 1.0077350610262563 38662.384375
